TDRS 3                  
1 19548U 88091B   20197.82780944 -.00000296  00000-0  00000-0 0  9992
2 19548  14.1611 357.1670 0033542 322.0424 224.1034  1.00269298103722
FLTSATCOM 8 (USA 46)    
1 20253U 89077A   20197.61432337 -.00000076  00000-0  00000-0 0  9995
2 20253  13.0241   5.2926 0004423  88.6929 132.9640  1.00272429238953
SKYNET 4C               
1 20776U 90079A   20198.13139035  .00000129  00000-0  00000+0 0  9993
2 20776  13.9606   5.6636 0002148 128.8545 240.5828  1.00272452109263
TDRS 5                  
1 21639U 91054B   20198.28715517  .00000087  00000-0  00000+0 0  9990
2 21639  14.3106  10.4544 0027211  15.8937 204.2568  1.00262294106035
TDRS 6                  
1 22314U 93003B   20197.88676760 -.00000292  00000-0  00000+0 0  9997
2 22314  14.0424  13.6014 0008423  80.8152 113.1679  1.00268415100696
UFO 2 (USA 95)          
1 22787U 93056A   20198.13060522  .00000130  00000-0  00000+0 0  9991
2 22787  11.2903  15.1650 0004134 120.7877 234.2971  1.00267422 96979
USA 99 (MILSTAR-1 1)    
1 22988U 94009A   20198.03848411 -.00000257  00000-0  00000+0 0  9994
2 22988  14.1938  50.7413 0001412  89.2746  95.2725  1.00125659  9964
ASTRA 1D                
1 23331U 94070A   20197.46422505 -.00000266  00000-0  00000+0 0  9993
2 23331   9.1433  42.0349 0003360  67.6841 278.1713  1.00273569 94487
USA 107 (DSP 17)        
1 23435U 94084A   20198.08835339 -.00000164  00000-0  00000+0 0  9992
2 23435  14.5574  11.6649 0002610  91.3628 126.7283  1.00272249 10018
UFO 4 (USA 108)         
1 23467U 95003A   20197.80024289 -.00000018  00000-0  00000-0 0  9991
2 23467   9.8405  20.7894 0006529  80.7314 292.9901  1.00275941 93299
AMSC 1                  
1 23553U 95019A   20198.10356209 -.00000096  00000-0  00000+0 0  9993
2 23553  11.2897  30.9937 0008015  36.7344 157.4629  1.00272654 92484
TDRS 7                  
1 23613U 95035B   20197.99809390 -.00000199  00000-0  00000+0 0  9992
2 23613  14.1903   4.2891 0030015  36.1138 338.0666  1.00271065 91475
USA 113                 
1 23628U 95038A   20197.62421647 -.00000336  00000-0  00000+0 0  9999
2 23628  11.4609  29.8516 0001379  54.9041 177.5996  1.00271252  9922
USA 115 (MILSTAR-1 2)   
1 23712U 95060A   20197.57657845 -.00000067  00000-0  00000-0 0  9995
2 23712  13.2254  19.7137 0001124  95.5631 277.6703  1.00125344 11238
INMARSAT 3-F1           
1 23839U 96020A   20197.46631872 -.00000266  00000-0  00000-0 0  9993
2 23839   6.1273  62.1741 0007124  47.1995 289.7952  0.99988976 88627
ASTRA 1F                
1 23842U 96021A   20198.06186333  .00000148  00000-0  00000+0 0  9999
2 23842   0.0718 302.2966 0004870 180.0355 238.5742  1.00272636 88651
MSAT M1                 
1 23846U 96022A   20198.10338762 -.00000084  00000-0  00000+0 0  9994
2 23846   9.3210  41.3787 0006322  47.0808 135.6516  1.00272450 88756
INMARSAT 3-F2           
1 24307U 96053A   20197.80067907 -.00000039  00000-0  00000+0 0  9997
2 24307   4.9657  71.7515 0008583  21.5079 303.4538  1.00005742 87328
AMC-1 (GE-1)            
1 24315U 96054A   20197.48243208  .00000071  00000-0  00000+0 0  9996
2 24315   3.9965  78.5586 0003087  39.7691 218.2294  1.00273138 87335
INMARSAT 3-F3           
1 24674U 96070A   20197.80146420  .00000038  00000-0  00000+0 0  9999
2 24674   5.6614  66.0861 0005602  46.3266 288.2841  1.00270889 86286
AMC-2 (GE-2)            
1 24713U 97002A   20198.10792389 -.00000210  00000-0  00000+0 0  9997
2 24713   6.4258  60.2355 0006091  53.8654 134.3166  1.00272154 36647
INTELSAT 26 (IS-26)     
1 24732U 97007A   20198.13749687  .00000008  00000-0  00000+0 0  9993
2 24732   9.0789  42.8186 0004944  32.9880 331.7492  1.00273315 85603
USA 130 (DSP 18)        
1 24737U 97008A   20198.19828038  .00000032  00000-0  00000+0 0  9990
2 24737  13.5826  19.5310 0001311 313.1885  41.5955  1.00259372  9922
GALAXY 25 (G-25)        
1 24812U 97026A   20198.05959521  .00000162  00000-0  00000+0 0  9995
2 24812   1.9898  90.2450 0003438  25.7040 232.7151  1.00271685 84698
INTELSAT 5 (IS-5)       
1 24916U 97046A   20198.30477286  .00000094  00000-0  00000+0 0  9997
2 24916   5.7670  65.4198 0003932  43.5728 158.3040  1.00271916 83939
AMC-3 (GE-3)            
1 24936U 97050A   20198.11045373 -.00000254  00000-0  00000+0 0  9990
2 24936   2.8682  85.5399 0002915  40.6075 136.0120  1.00271215 83766
NSS-5                   
1 24957U 97053A   20197.80743892  .00000108  00000-0  00000-0 0  9990
2 24957   6.0221  63.6325 0003272  46.6449 165.0162  1.00275377 83499
USA 134                 
1 25019U 97065A   20197.59996417 -.00000058  00000-0  00000-0 0  9997
2 25019  10.2500  35.9002 0003459 338.3818  23.6376  1.00269288 11275
ASTRA 1G                
1 25071U 97076A   20198.13740963  .00000023  00000-0  00000+0 0  9991
2 25071   4.6783  73.0655 0003462  41.9273 292.1484  1.00273810 82857
INMARSAT 3-F5           
1 25153U 98006B   20198.23215200 -.00000284  00000-0  00000+0 0  9998
2 25153   4.8719  70.1058 0004487  41.9790 211.9889  1.00276393 82213
UFO 8 (USA 138)         
1 25258U 98016A   20197.80006844 -.00000021  00000-0  00000+0 0  9998
2 25258   8.6946  32.6706 0004193  74.7177 286.3095  1.00275766 81894
ASTRA 2A                
1 25462U 98050A   20198.06160163  .00000157  00000-0  00000+0 0  9996
2 25462   1.6919  92.9313 0002028  42.4727 224.0261  1.00061590 80065
JCSAT-4A                
1 25630U 99006A   20197.99910706 -.00000304  00000-0  00000+0 0  9997
2 25630   4.6619  73.8465 0003289 166.4040 189.7402  1.00270801 78319
SKYNET 4E               
1 25639U 99009B   20197.26314045 -.00000030  00000-0  00000+0 0  9999
2 25639  10.8890  20.8848 0002566  82.5916 283.6568  1.00270619 78338
ASIASAT 3S              
1 25657U 99013A   20197.57998712 -.00000221  00000-0  00000-0 0  9990
2 25657   4.8509  72.3110 0004158  20.3374 197.5336  1.00271747 78136
NIMIQ 1                 
1 25740U 99027A   20198.23521550 -.00000191  00000-0  00000+0 0  9999
2 25740   1.1626  94.0140 0005377  26.0070 172.6498  1.00272348 77526
ABS-7                   
1 25894U 99046A   20197.80813360 -.00000355  00000-0  00000-0 0  9998
2 25894   1.0399  94.7336 0002980  18.8486 227.5704  1.00273591 75443
ABS-6                   
1 25924U 99053A   20198.41756897 -.00000111  00000-0  00000+0 0  9998
2 25924   0.0355 318.6180 0002636 151.8767 133.5203  1.00270771 76180
TELSTAR 12 (ORION 2)    
1 25949U 99059A   20198.10303867 -.00000057  00000-0  00000+0 0  9991
2 25949   3.3762  83.6308 0005259  17.9463 120.7026  1.00272129 75847
AMC-4 (GE-4)            
1 25954U 99060A   20198.30655549  .00000097  00000-0  00000+0 0  9991
2 25954   0.0995 278.1667 0002357 205.7793 146.1106  1.00273355 75802
UFO 10 (USA 146)        
1 25967U 99063A   20197.83321807 -.00000180  00000-0  00000-0 0  9997
2 25967   7.8949  35.5672 0006271  66.5520 109.3983  1.00272281 75666
GALAXY 11 (G-11)        
1 26038U 99071A   20198.10626640 -.00000155  00000-0  00000+0 0  9991
2 26038   1.2800  95.8803 0000128   2.0435 141.6482  1.00271806 75395
USA 148                 
1 26052U 00001A   20197.80181315  .00000043  00000-0  00000+0 0  9998
2 26052   8.4529  46.4696 0002619  40.6627 315.7596  1.00271153  9941
ASIASTAR                
1 26107U 00016A   20197.69598159 -.00000329  00000-0  00000-0 0  9999
2 26107   4.0744  76.9876 0004243  36.0023 176.5381  1.00275171 74249
USA 149 (DSP 20)        
1 26356U 00024A   20198.28614441  .00000100  00000-0  00000+0 0  9998
2 26356  11.5629  26.2313 0001658   8.6230 197.0988  1.00279629  9922
EUTELSAT 80A            
1 26369U 00028A   20198.13444361  .00000127  00000-0  00000+0 0  9991
2 26369   3.4553  80.9496 0004902  37.7901 272.2807  1.00270393 73795
TDRS 8                  
1 26388U 00034A   20198.07084863 -.00000231  00000-0  00000+0 0  9996
2 26388   9.2737  47.3516 0016290 332.2003  29.6016  1.00275371 73497
INTELSAT 9 (IS-9)       
1 26451U 00043A   20197.88868716 -.00000282  00000-0  00000-0 0  9999
2 26451   5.7542  65.6231 0002358  46.9017  91.5954  1.00272687 22461
BRASILSAT B4            
1 26469U 00046A   20198.10644087 -.00000165  00000-0  00000+0 0  9999
2 26469   4.0484  78.3385 0003116  40.2448 122.0663  1.00269881 72954
ASTRA 2B                
1 26494U 00054A   20198.27225642  .00000123  00000-0  00000+0 0  9999
2 26494   4.5780  73.6863 0004720  36.7169 301.7461  1.00272441 72551
NSS-11 (AAP-1)          
1 26554U 00059A   20198.45282539  .00000034  00000-0  00000+0 0  9990
2 26554   0.0406 297.1808 0002497 172.7541 163.8305  1.00271748 72508
USA 153                 
1 26575U 00065A   20197.93624366 -.00000320  00000-0  00000+0 0  9999
2 26575   7.9399  49.7419 0001343  16.0545 339.8041  1.00276618  9930
AMC-6 (GE-6)            
1 26580U 00067A   20198.21785472 -.00000076  00000-0  00000+0 0  9993
2 26580   0.0269 316.0887 0000944  56.9014 261.3074  0.99974288 72306
INTELSAT 12 (IS-12)     
1 26590U 00068A   20198.13758410  .00000019  00000-0  00000+0 0  9994
2 26590   2.9967  86.0036 0006106  41.2419 280.9475  1.00272456 72128
INTELSAT 1R (IS-1R)     
1 26608U 00072A   20197.79727687 -.00000132  00000-0  00000-0 0  9990
2 26608   2.7963  86.4287 0000299 254.1264  37.6627  1.00271654 19636
ANIK F1                 
1 26624U 00076A   20198.10338762 -.00000065  00000-0  00000+0 0  9994
2 26624   0.0289 116.1708 0002391  24.3721  83.7623  1.00273354 72046
ASTRA 2D                
1 26638U 00081A   20198.13627556  .00000067  00000-0  00000+0 0  9991
2 26638   5.8478  64.5586 0001905  59.3459 276.7941  1.00273951 71702
AMC-8 (GE-8)            
1 26639U 00081B   20197.59542788  .00000096  00000-0  00000+0 0  9996
2 26639   0.7265  95.6062 0002864  13.9699 263.6644  1.00271621 71596
USA 157 (MILSTAR-2 2)   
1 26715U 01009A   20197.87688187 -.00000306  00000-0  00000-0 0  9993
2 26715   9.3544  30.4103 0001918  73.2385 283.8622  1.00267037 11263
EUTELSAT 133 WEST A     
1 26719U 01011A   20197.59586406  .00000084  00000-0  00000-0 0  9992
2 26719   2.0285  88.7058 0005012  25.9386 260.8839  1.00272575 70856
INTELSAT 10 (IS-10)     
1 26766U 01019A   20197.80743892  .00000129  00000-0  00000-0 0  9990
2 26766   3.9533  78.8053 0001866  48.2671 145.1887  1.00272667 23956
INTELSAT 901 (IS-901)   
1 26824U 01024A   20198.11935178 -.00000193  00000-0  00000+0 0  9997
2 26824   0.0430 261.2528 0000867 238.6798 169.9454  1.00270603 69902
ASTRA 2C                
1 26853U 01025A   20197.81624160  .00000142  00000-0  00000-0 0  9996
2 26853   2.8933  85.3121 0002823  26.8420 139.4908  1.00274217 23371
USA 159 (DSP 21)        
1 26880U 01033A   20197.99702434 -.00000293  00000-0  00000+0 0  9992
2 26880  10.7929  30.1744 0000824 316.2544 257.5670  1.00279727  9930
INTELSAT 902 (IS-902)   
1 26900U 01039A   20198.11481552 -.00000274  00000-0  00000+0 0  9990
2 26900   0.6863  96.5831 0001182  66.0183 123.0166  1.00270577 69092
EUTELSAT 12 WEST B      
1 26927U 01042A   20198.25605021 -.00000093  00000-0  00000+0 0  9996
2 26927   1.1374  93.3662 0006920  14.4996 266.3384  1.00271750 68855
USA 164 (MILSTAR-2 3)   
1 27168U 02001A   20197.68241066  .00000105  00000-0  00000+0 0  9994
2 27168   8.7947  31.8085 0002001  85.2518  81.5278  1.00274427  9960
ECHOSTAR 7              
1 27378U 02006A   20198.31542422  .00000009  00000-0  00000+0 0  9996
2 27378   0.0484 278.5670 0000858 172.3941 198.3965  1.00271929 67384
INTELSAT 904 (IS-904)   
1 27380U 02007A   20198.09285344 -.00000206  00000-0  00000+0 0  9992
2 27380   1.5250  93.1157 0002563  28.6917 176.4909  1.00272222 67401
TDRS 9                  
1 27389U 02011A   20197.44116293 -.00000284  00000-0  00000+0 0  9996
2 27389   7.5480  67.1786 0023631 287.4258  35.7460  1.00270223 68759
JCSAT-2A                
1 27399U 02015A   20197.91306475 -.00000150  00000-0  00000-0 0  9999
2 27399   2.9701  85.1005 0007366  11.1993 248.5387  1.00271192 67212
ASTRA 3A                
1 27400U 02015B   20198.10740046 -.00000199  00000-0  00000+0 0  9992
2 27400   5.9740  63.3350 0001054  55.8978 127.0712  1.00272695 67030
NSS-7                   
1 27414U 02019A   20198.04903965 -.00000152  00000-0  00000+0 0  9994
2 27414   4.2990  76.5496 0002587  42.7167 172.7087  1.00271814 66873
DIRECTV 5 (TEMPO 1)     
1 27426U 02023A   20198.27549440 -.00000047  00000-0  00000+0 0  9994
2 27426   0.0221  38.9552 0003533  90.9402 153.7324  1.00274786 66639
INTELSAT 905 (IS-905)   
1 27438U 02027A   20197.83278189 -.00000176  00000-0  00000-0 0  9995
2 27438   1.3448  94.0296 0002439  24.5326  90.8658  1.00272621 29699
GALAXY 3C (G-3C)        
1 27445U 02030A   20198.21785472 -.00000144  00000-0  00000+0 0  9992
2 27445   0.0168   3.4286 0002071  59.2065 215.2462  1.00286190 66279
EUTELSAT 5 WEST A       
1 27460U 02035A   20198.05200567 -.00000033  00000-0  00000+0 0  9990
2 27460   0.6314  96.8412 0004780  20.1686 191.0763  1.00272559 66063
N-STAR C                
1 27461U 02035B   20197.80364510 -.00000112  00000-0  00000-0 0  9991
2 27461   6.7015  58.7742 0007258 163.3626 190.8314  0.98955129 66032
METEOSAT-8 (MSG-1)      
1 27509U 02040B   20198.20482307  .00000141  00000-0  00000+0 0  9990
2 27509   6.7729  53.9838 0001880  45.3651 310.2451  1.00274662 65570
INTELSAT 906 (IS-906)   
1 27513U 02041A   20198.13758410  .00000023  00000-0  00000+0 0  9998
2 27513   0.3509  99.9245 0002868  25.9885 282.1931  1.00273009 65296
HISPASAT 30W-4          
1 27528U 02044A   20197.56025597  .00000125  00000-0  00000-0 0  9990
2 27528   1.1411  93.6053 0005717 358.5244 260.3793  1.00270850 21287
TDRS 10                 
1 27566U 02055A   20197.80355786  .00000095  00000-0  00000+0 0  9992
2 27566   6.9540  53.4949 0006641 314.5388  44.1907  1.00275436 64547
NSS-6                   
1 27603U 02057A   20198.16279527  .00000117  00000-0  00000+0 0  9999
2 27603   0.0159 350.8461 0004608 138.3730  54.3411  1.00272744 64358
NIMIQ 2                 
1 27632U 02062A   20197.47164010 -.00000265  00000-0  00000-0 0  9996
2 27632   4.4101  75.8179 0004320  28.9600 323.2963  0.99671568 22499
USA 167                 
1 27691U 03008A   20197.45688036  .00000059  00000-0  00000-0 0  9999
2 27691   6.6965  58.7262 0003644  10.0253 259.4599  1.00271233 11269
USA 169 (MILSTAR-2 4)   
1 27711U 03012A   20197.80495363  .00000088  00000-0  00000+0 0  9996
2 27711   9.1065  44.6920 0002359  78.9115 296.9047  0.99987088  9965
GALAXY 12 (G-12)        
1 27715U 03013B   20198.09911307  .00000066  00000-0  00000+0 0  9990
2 27715   1.5608  92.4142 0001710  24.8052  83.8457  1.00271522 63325
ASIASAT 4               
1 27718U 03014A   20198.20421241  .00000163  00000-0  00000+0 0  9998
2 27718   0.0092  56.4949 0002232  62.0093 287.6802  1.00270704 63243
HELLAS-SAT 2            
1 27811U 03020A   20198.10583022 -.00000143  00000-0  00000+0 0  9993
2 27811   1.9794  91.9522 0002327  18.3514 126.9828  1.00271842 62655
THURAYA-2               
1 27825U 03026A   20198.20534649  .00000134  00000-0  00000+0 0  9995
2 27825   5.9451  33.0197 0005088  80.1824 299.1983  1.00271403 62666
OPTUS C1                
1 27831U 03028B   20198.15581640 -.00000142  00000-0  00000+0 0  9991
2 27831   1.4860  94.1276 0006332  19.9269  32.1514  1.00274143 62647
GALAXY 23 (G-23)        
1 27854U 03034A   20198.10068331  .00000022  00000-0  00000+0 0  9991
2 27854   0.0429 268.8603 0003096 207.9903  92.7807  1.00271662 66868
USA 170                 
1 27875U 03040A   20197.88301330 -.00000268  00000-0  00000-0 0  9998
2 27875   5.9419  64.2286 0006392  56.5155  88.9446  1.00270876 11286
GALAXY 13 (HORIZONS 1)  
1 27954U 03044A   20198.28104872  .00000058  00000-0  00000+0 0  9992
2 27954   0.0246 332.4400 0003188 204.9435  91.3323  1.00265976 61479
YAMAL 202               
1 28089U 03053A   20197.79849818 -.00000071  00000-0  00000-0 0  9990
2 28089   0.9168  95.1746 0006767  13.5240 276.3531  1.00272806 61006
UFO 11 (USA 174)        
1 28117U 03057A   20198.13967775 -.00000090  00000-0  00000+0 0  9998
2 28117   6.0830  37.4629 0004242  22.1636 359.8870  1.00270531 60747
USA 176 (DSP 22)        
1 28158U 04004A   20197.68791595 -.00000215  00000-0  00000-0 0  9990
2 28158   9.1972  39.0900 0001092  95.8949 134.0268  1.00271672 11249
ABS-4 (MOBISAT-1)       
1 28184U 04007A   20197.84007910  .00000049  00000-0  00000-0 0  9995
2 28184   0.5989  96.5954 0005244  14.7406 186.2167  1.00269772 30650
EUTELSAT 7A             
1 28187U 04008A   20198.27452456  .00000163  00000-0  00000+0 0  9992
2 28187   0.3960  88.1005 0000783 337.9375 358.2642  1.00272422 59906
DIRECTV 7S              
1 28238U 04016A   20198.10111949  .00000010  00000-0  00000+0 0  9990
2 28238   0.0173  16.9481 0002795 102.1395  92.6424  1.00273215 59371
AMC-11 (GE-11)          
1 28252U 04017A   20197.59621301  .00000078  00000-0  00000-0 0  9992
2 28252   0.0245 325.8329 0002576 142.8045 268.8864  1.00272430 59193
INTELSAT 10-02          
1 28358U 04022A   20198.25049582 -.00000002  00000-0  00000+0 0  9991
2 28358   0.0137 353.7855 0002796 136.4419 253.4976  1.00271939 58952
ANIK F2                 
1 28378U 04027A   20198.32008405 -.00000041  00000-0  00000+0 0  9998
2 28378   0.0171 319.6706 0000347 275.1614  63.9377  1.00272542 58675
AMC-15                  
1 28446U 04041A   20198.10391103 -.00000080  00000-0  00000+0 0  9999
2 28446   0.0475 299.5038 0002436 185.7821 101.4684  1.00271785 57664
AMC-16                  
1 28472U 04048A   20198.10783664 -.00000197  00000-0  00000+0 0  9991
2 28472   0.0465 294.2683 0002498 184.1697 129.7785  1.00270699 57132
NSS-10 (AMC-12)         
1 28526U 05003A   20198.26091574 -.00000242  00000-0  00000+0 0  9993
2 28526   1.0862  94.3368 0002771  18.6897 238.0039  1.00272280 56649
XTAR-EUR                
1 28542U 05005A   20198.10178847  .00000160  00000-0  00000+0 0  9993
2 28542   0.0128  71.5554 0002320  46.2578 242.2088  1.00273902 56506
XM-3 (RHYTHM)           
1 28626U 05008A   20198.10783664 -.00000196  00000-0  00000+0 0  9998
2 28626   0.0099 272.2607 0000153 359.6477 336.2079  1.00270466 56388
INMARSAT 4-F1           
1 28628U 05009A   20198.15346104 -.00000253  00000-0  00000+0 0  9994
2 28628   3.1902  27.4044 0002724  95.8356   9.9455  1.00271586 55984
APSTAR 6                
1 28638U 05012A   20198.30086980 -.00000077  00000-0  00000+0 0  9993
2 28638   1.7136  91.9113 0004176   8.3267 105.5416  1.00272609 80732
DIRECTV 8               
1 28659U 05019A   20198.24826653 -.00000107  00000-0  00000+0 0  9999
2 28659   0.0156  31.6166 0002714  84.6672 166.8674  1.00271112 55502
GALAXY 28 (G-28)        
1 28702U 05022A   20198.10705153 -.00000176  00000-0  00000+0 0  9994
2 28702   0.0170  65.1876 0002393 333.1305 205.6111  1.00270778 55140
EXPRESS-AM3             
1 28707U 05023A   20197.83660546 -.00000315  00000-0  00000-0 0  9991
2 28707   1.9041  90.5767 0002139 352.8569 254.9263  1.00272282 55159
THAICOM 4               
1 28786U 05028A   20198.07678069 -.00000353  00000-0  00000+0 0  9990
2 28786   0.0140  62.7563 0002907  70.5349 308.1962  1.00270918 54649
GALAXY 14 (G-14)        
1 28790U 05030A   20197.59743432  .00000046  00000-0  00000-0 0  9990
2 28790   0.0326 313.2771 0002351 161.8280 268.8556  1.00272064 54629
ANIK F1R                
1 28868U 05036A   20197.49783611 -.00000066  00000-0  00000+0 0  9996
2 28868   0.0259 320.7047 0001837 141.2481 263.7417  1.00273531 54475
GALAXY 15 (G-15)        
1 28884U 05041A   20197.59577683  .00000088  00000-0  00000-0 0  9995
2 28884   0.0414 280.1579 0001855 191.8361 263.3743  1.00273822 54058
SYRACUSE 3A             
1 28885U 05041B   20198.13418191  .00000138  00000-0  00000+0 0  9990
2 28885   0.0243  85.1160 0003222  24.2071 280.3749  1.00271292 54059
INMARSAT 4-F2           
1 28899U 05044A   20198.13749687  .00000018  00000-0  00000+0 0  9992
2 28899   3.0417  30.1962 0002803  94.3259 283.2836  1.00270868 53821
TELKOM 2                
1 28902U 05046A   20197.87132740 -.00000130  00000-0  00000-0 0  9992
2 28902   0.0296 283.6161 0000799 180.9652 300.2375  1.00270483 53758
SPACEWAY 2              
1 28903U 05046B   20198.09710663  .00000113  00000-0  00000+0 0  9993
2 28903   0.2577  94.2495 0000081  86.4816   9.7129  1.00272179 53814
METEOSAT-9 (MSG-2)      
1 28912U 05049B   20197.88129223  .00000022  00000-0  00000-0 0  9998
2 28912   4.4830  70.0428 0002171  14.9719 169.7344  1.00270301 53350
EUTELSAT 174A           
1 28924U 05052A   20197.80059184  .00000018  00000-0  00000-0 0  9990
2 28924   0.0633  17.3283 0006129  99.2435 279.7229  1.00272199 30645
ECHOSTAR 10             
1 28935U 06003A   20198.10286420 -.00000046  00000-0  00000+0 0  9999
2 28935   0.0136  38.5879 0002076 140.2602  42.3650  1.00269858 52836
SPAINSAT                
1 28945U 06007A   20197.26786276 -.00000207  00000-0  00000+0 0  9993
2 28945   0.0515 239.5340 0003856 266.8322 213.6557  1.00272463 52548
EUTELSAT HOT BIRD 13E   
1 28946U 06007B   20198.27094788  .00000096  00000-0  00000+0 0  9991
2 28946   0.0585 224.1993 0006157 275.4767 265.4214  1.00270254 52626
JCSAT-5A                
1 29045U 06010A   20198.05257720 -.00000319  00000-0  00000+0 0  9998
2 29045   0.0544 260.8222 0001660 221.7296 322.7735  1.00273147 52268
ASTRA 1KR               
1 29055U 06012A   20197.84150547  .00000128  00000-0  00000-0 0  9994
2 29055   0.0517 256.2564 0002473 274.8520  85.1512  1.00270439 24048
GOES 13                 
1 29155U 06018A   20197.84007910  .00000046  00000-0  00000-0 0  9995
2 29155   0.0941 236.0873 0006635 316.6792 105.4067  1.00268220 21682
EUTELSAT 113 WEST A     
1 29162U 06020A   20197.59978969 -.00000028  00000-0  00000-0 0  9990
2 29162   0.0463 268.4928 0003143 208.1475 280.1806  1.00271861 51795
GALAXY 16 (G-16)        
1 29236U 06023A   20198.10504510 -.00000118  00000-0  00000+0 0  9999
2 29236   0.0192  35.6590 0002416  85.9270 111.6241  1.00270117 51582
EUTELSAT HOT BIRD 13B   
1 29270U 06032A   20198.12737750  .00000096  00000-0  00000+0 0  9997
2 29270   0.0596  21.3023 0002905  63.4459 268.5295  1.00269619 51186
JCSAT-3A                
1 29272U 06033A   20198.22209578 -.00000336  00000-0  00000+0 0  9991
2 29272   0.0116 316.4558 0002149 171.1566  14.8418  1.00270097 51083
SYRACUSE 3B             
1 29273U 06033B   20198.12380082 -.00000035  00000-0  00000+0 0  9997
2 29273   0.0228  59.8706 0005481  51.0949 222.8175  1.00272185 51074
KOREASAT 5 (MUGUNGWHA 5)
1 29349U 06034A   20197.80813360 -.00000350  00000-0  00000-0 0  9997
2 29349   0.0204 114.1376 0001775  49.0111 174.9391  1.00271481 19631
DIRECTV 9S              
1 29494U 06043A   20198.10460892 -.00000104  00000-0  00000+0 0  9996
2 29494   0.0311 172.6386 0002831 306.0077 112.2017  1.00272086 50426
OPTUS D1                
1 29495U 06043B   20198.10396646 -.00000101  00000-0  00000+0 0  9999
2 29495   0.0395 277.7995 0003327 200.5515  13.4664  1.00272328 50461
XM-4 (BLUES)            
1 29520U 06049A   20198.03002223 -.00000014  00000-0  00000+0 0  9994
2 29520   0.0322 172.9497 0000207 342.1078  34.8038  1.00272496 50316
BADR-4                  
1 29526U 06051A   20197.84272677  .00000153  00000-0  00000-0 0  9997
2 29526   0.0482 343.2833 0001520 130.9571 149.2437  1.00271189 29594
WILDBLUE-1              
1 29643U 06054A   20197.60005139 -.00000040  00000-0  00000-0 0  9997
2 29643   0.0157 358.8619 0001494 117.1785 282.6912  1.00272348 32111
AMC-18                  
1 29644U 06054B   20198.27718940  .00000113  00000-0  00000+0 0  9992
2 29644   0.0293 301.6818 0002864 183.4720 130.1990  1.00273704 49878
MEASAT-3                
1 29648U 06056A   20197.84215997 -.00000233  00000-0  00000-0 0  9999
2 29648   0.0364 150.3878 0003338 334.9498 203.5011  1.00272029 28783
INSAT-4B                
1 30793U 07007A   20197.87651300 -.00000181  00000-0  00000-0 0  9996
2 30793   0.5085  97.5084 0001686 117.4795 120.3240  1.00271848 20522
SKYNET 5A               
1 30794U 07007B   20198.28734824 -.00000263  00000-0  00000+0 0  9996
2 30794   0.6332  90.6898 0003987  29.7834  12.7674  1.00271283 48978
ANIK F3                 
1 31102U 07009A   20197.59865561  .00000007  00000-0  00000-0 0  9994
2 31102   0.0189 306.1127 0001968 195.7621 248.8266  1.00275469 24873
ASTRA 1L                
1 31306U 07016A   20198.12859880  .00000129  00000-0  00000+0 0  9999
2 31306   0.0569 303.0981 0000381 142.8814 273.9275  1.00270229 48368
GALAXY 17 (G-17)        
1 31307U 07016B   20198.10670258 -.00000166  00000-0  00000+0 0  9990
2 31307   0.0232  45.2805 0003277  74.9184 121.6206  1.00273327 48396
ZHONGXING-6B            
1 31800U 07031A   20197.80813360 -.00000353  00000-0  00000-0 0  9993
2 31800   0.0166 291.4694 0003761 187.1297 221.9310  1.00268793 47740
DIRECTV 10              
1 31862U 07032A   20198.34608954 -.00000094  00000-0  00000+0 0  9994
2 31862   0.0087 269.7617 0000394 243.2498 163.4754  1.00272588 47726
SPACEWAY 3              
1 32018U 07036A   20198.28611921 -.00000142  00000-0  00000+0 0  9997
2 32018   0.0381 209.2046 0000439 331.7888 121.6243  1.00271821 47445
BSAT-3A                 
1 32019U 07036B   20198.07494873 -.00000341  00000-0  00000+0 0  9991
2 32019   0.0787 245.1871 0002485 298.6691 247.3405  1.00271706 47388
INSAT-4CR               
1 32050U 07037A   20198.13435637  .00000132  00000-0  00000+0 0  9994
2 32050   1.4032  93.1281 0004243 158.9979 138.5435  1.00273784 47177
OPTUS D2                
1 32252U 07044A   20198.15511852 -.00000174  00000-0  00000+0 0  9999
2 32252   0.0312 286.0049 0003535 192.6656  23.6282  1.00272266 46764
INTELSAT 11 (IS-11)     
1 32253U 07044B   20198.11621128 -.00000260  00000-0  00000+0 0  9990
2 32253   0.0157  26.0136 0001721 115.4012 151.8279  1.00268693 46843
WGS F1 (USA 195)        
1 32258U 07046A   20198.25049582  .00000049  00000-0  00000+0 0  9994
2 32258   0.0170  51.6289 0000555 168.5681 170.5114  1.00268695 46647
STAR ONE C1             
1 32293U 07056A   20198.25541988 -.00000267  00000-0  00000+0 0  9994
2 32293   0.0151 354.3542 0002511 133.0029 194.1324  1.00269797 46422
SKYNET 5B               
1 32294U 07056B   20197.80548841  .00000151  00000-0  00000-0 0  9992
2 32294   0.0682   8.1631 0003620 114.5473 126.4535  1.00271062 46514
ASTRA 4A (SIRIUS 4)     
1 32299U 07057A   20197.83862669  .00000041  00000-0  00000-0 0  9996
2 32299   0.0138  52.8145 0002813  63.2278 124.7991  1.00273018 30004
HORIZONS 2              
1 32388U 07063B   20198.06997628 -.00000174  00000-0  00000+0 0  9999
2 32388   0.0146  53.4363 0002729  54.7721 296.1895  1.00273547 46208
THURAYA-3               
1 32404U 08001A   20198.07268059 -.00000295  00000-0  00000+0 0  9995
2 32404   3.7673  10.4703 0004466  81.1782 327.3852  1.00272997 45852
EXPRESS-AM33            
1 32478U 08003A   20197.60952197 -.00000272  00000-0  00000-0 0  9995
2 32478   0.0397 228.7872 0000525 325.9051  55.1319  1.00271104 45928
THOR 5                  
1 32487U 08006A   20198.25049582 -.00000000  00000-0  00000+0 0  9993
2 32487   0.0480 252.5528 0002262 222.6763 268.7469  1.00271591 45509
AMC-14                  
1 32708U 08011A   20198.27190748  .00000078  00000-0  00000+0 0  9992
2 32708  21.0088  47.0809 0042066   8.8683 354.3932  1.00272929 46427
DIRECTV 11              
1 32729U 08013A   20198.21785472 -.00000116  00000-0  00000+0 0  9999
2 32729   0.0054  89.7620 0000572 105.7406  78.2323  1.00268290 45252
ICO G1                  
1 32763U 08016A   20198.10626640 -.00000164  00000-0  00000+0 0  9992
2 32763   3.6426  13.5106 0002166 106.8245 119.4527  1.00272643 44788
VINASAT-1               
1 32767U 08018A   20198.29467605 -.00000319  00000-0  00000+0 0  9994
2 32767   0.0425 290.8138 0001593 209.2045  32.5827  1.00270841 44917
STAR ONE C2             
1 32768U 08018B   20198.11088990 -.00000256  00000-0  00000+0 0  9992
2 32768   0.0352 124.0571 0002202  14.1741 126.0942  1.00273873 44869
TIANLIAN 1-01           
1 32779U 08019A   20198.14081184 -.00000134  00000-0  00000+0 0  9991
2 32779   4.1841  72.4576 0029639 262.0740  90.5403  1.00274629 44784
AMOS-3                  
1 32794U 08022A   20198.12397529 -.00000026  00000-0  00000+0 0  9993
2 32794   0.0124  91.8376 0002247  17.0380 226.0376  1.00271989 44777
GALAXY 18 (G-18)        
1 32951U 08024A   20197.59778326  .00000034  00000-0  00000-0 0  9997
2 32951   0.0174  57.9112 0003142  70.0442 258.1431  1.00273262 24201
CHINASAT 9 (ZX 9)       
1 33051U 08028A   20198.14316720 -.00000238  00000-0  00000+0 0  9997
2 33051   0.0203  63.2894 0003623  62.5153 312.3800  1.00269861 44331
SKYNET 5C               
1 33055U 08030A   20198.12127097 -.00000130  00000-0  00000+0 0  9990
2 33055   0.0613   1.0670 0003842 126.9806 192.2135  1.00272291 44219
TURKSAT 3A              
1 33056U 08030B   20198.13322230  .00000155  00000-0  00000+0 0  9994
2 33056   0.0279  71.9715 0004983  41.2848 271.1433  1.00274897 44409
INTELSAT 25 (IS-25)     
1 33153U 08034A   20198.26716155 -.00000214  00000-0  00000+0 0  9990
2 33153   0.0168 128.4195 0000430   3.5447 227.2598  1.00274797 43966
BADR-6                  
1 33154U 08034B   20198.27356497  .00000154  00000-0  00000+0 0  9993
2 33154   0.0499  35.9386 0005347  74.0068 309.1370  1.00277159 44078
ECHOSTAR 11             
1 33207U 08035A   20198.27549440 -.00000047  00000-0  00000+0 0  9997
2 33207   0.0152 358.8925 0002335 116.2204 168.6319  1.00265885 43976
SUPERBIRD-C2            
1 33274U 08038A   20198.15354826 -.00000242  00000-0  00000+0 0  9990
2 33274   0.0411 255.4833 0002045 249.8871 348.2996  1.00271337 43706
AMC-21                  
1 33275U 08038B   20198.31250517  .00000045  00000-0  00000+0 0  9991
2 33275   0.0519 289.6701 0002867 196.8691 155.6635  1.00271694 43786
INMARSAT 4-F3           
1 33278U 08039A   20198.10530681 -.00000132  00000-0  00000+0 0  9993
2 33278   3.1368  12.9343 0002859 107.2695 114.1143  1.00272207 43588
NIMIQ 4                 
1 33373U 08044A   20198.22966122 -.00000211  00000-0  00000+0 0  9999
2 33373   0.0048   1.0450 0002554 133.2816 160.8612  1.00271382 43154
GALAXY 19 (G-19)        
1 33376U 08045A   20197.81830073 -.00000130  00000-0  00000-0 0  9993
2 33376   0.0151 355.3448 0002853 128.6781   7.6757  1.00272605 43264
ASTRA 1M                
1 33436U 08057A   20197.84150547  .00000129  00000-0  00000-0 0  9994
2 33436   0.0207 114.9895 0005180  17.1510 124.1328  1.00275456 24058
CIEL-2                  
1 33453U 08063A   20198.31022348  .00000067  00000-0  00000+0 0  9990
2 33453   0.0244 267.0773 0002693 204.3858 165.9665  1.00273387 42478
EUTELSAT HOT BIRD 13C   
1 33459U 08065A   20197.84019693  .00000095  00000-0  00000-0 0  9996
2 33459   0.0508  48.2902 0005678  63.3670 137.9556  1.00269677 25668
EUTELSAT 48D            
1 33460U 08065B   20198.13444361  .00000133  00000-0  00000+0 0  9997
2 33460   0.0480 287.8948 0003026 212.8219 250.2132  1.00269096 42433
FENGYUN 2E              
1 33463U 08066A   20197.64077014 -.00000196  00000-0  00000+0 0  9993
2 33463   4.3985  68.4721 0002872 301.3063 241.1460  1.00279530 42408
EXPRESS-AM44            
1 33595U 09007A   20196.32801157 -.00000081  00000-0  00000-0 0  9996
2 33595   0.0383 233.3776 0001074 298.5923 227.7619  1.00274055 41869
NSS-9                   
1 33749U 09008A   20198.16131226  .00000081  00000-0  00000+0 0  9993
2 33749   0.0250 327.8843 0001963 156.8428  50.8538  1.00272302 41880
EUTELSAT 33E            
1 33750U 09008B   20198.13139035  .00000165  00000-0  00000+0 0  9991
2 33750   0.0511  23.0519 0003936  89.0362 262.7049  1.00272603 41923
TELSTAR 11N             
1 34111U 09009A   20198.09285344 -.00000242  00000-0  00000+0 0  9991
2 34111   0.0241  47.9289 0002237  58.1174 184.2318  1.00269141 41734
EUTELSAT 10A            
1 34710U 09016A   20198.12676684  .00000077  00000-0  00000+0 0  9994
2 34710   0.0630  17.8849 0005150  98.7225 233.4231  1.00271486 41289
WGS F2 (USA 204)        
1 34713U 09017A   20198.28729814  .00000056  00000-0  00000+0 0  9996
2 34713   0.0190  57.7853 0000479 172.9882 227.4425  1.00271547 41268
SES-7 (PROTOSTAR 2)     
1 34941U 09027A   20198.06368838 -.00000336  00000-0  00000+0 0  9993
2 34941   0.0137  53.9872 0001098 151.1318 220.4042  1.00270850 40940
MEASAT-3A               
1 35362U 09032A   20197.84215997 -.00000232  00000-0  00000-0 0  9995
2 35362   0.0601 236.8580 0002356 292.7889 159.1495  1.00269473 40562
GOES 14                 
1 35491U 09033A   20197.50053282 -.00000085  00000-0  00000+0 0  9994
2 35491   0.3867  97.9102 0009365 116.3148 155.3855  1.00270996 40474
SIRIUS FM-5             
1 35493U 09034A   20198.23521550 -.00000191  00000-0  00000+0 0  9994
2 35493   0.0222 311.6516 0000167 192.2634 149.1289  1.00270515 40296
TERRESTAR-1             
1 35496U 09035A   20197.60005139 -.00000049  00000-0  00000-0 0  9991
2 35496   2.5479  18.4667 0002665  95.7110 284.7290  1.00271300 40493
ASIASAT 5               
1 35696U 09042A   20198.07285507 -.00000298  00000-0  00000+0 0  9997
2 35696   0.0071  53.3357 0001475  49.0414 318.6910  1.00268876 39990
JCSAT-RA (JCSAT-12)     
1 35755U 09044A   20198.18452167 -.00000023  00000-0  00000+0 0  9991
2 35755   0.0468 121.4874 0001750 356.9466  51.3502  1.00271350 39988
OPTUS D3                
1 35756U 09044B   20197.87132740 -.00000139  00000-0  00000-0 0  9998
2 35756   0.0418 329.9878 0002912 130.1281 303.7141  1.00269574 39877
PALAPA D                
1 35812U 09046A   20197.86915911 -.00000349  00000-0  00000+0 0  9993
2 35812   0.2382  93.7725 0002523  57.2229 209.0167  1.00275515 39999
NIMIQ 5                 
1 35873U 09050A   20198.11027925 -.00000248  00000-0  00000+0 0  9991
2 35873   0.0175  54.6316 0002976  86.1174 120.6585  1.00271733 39662
AMAZONAS 2              
1 35942U 09054A   20198.25620500 -.00000273  00000-0  00000+0 0  9993
2 35942   0.0303 135.8256 0005378 354.7388 195.2272  1.00272057 39501
COMSATBW-1              
1 35943U 09054B   20198.13732240  .00000034  00000-0  00000+0 0  9990
2 35943   0.0458  98.2224 0003251  11.9484 296.6851  1.00271121 39585
NSS-12                  
1 36032U 09058A   20198.13618832  .00000081  00000-0  00000+0 0  9996
2 36032   0.0128 353.5787 0002761 129.6393 277.2323  1.00271259 39245
THOR 6                  
1 36033U 09058B   20198.12467317 -.00000001  00000-0  00000+0 0  9999
2 36033   0.0358 239.3442 0002158 266.1088 192.9978  1.00272739 39296
INTELSAT 14 (IS-14)     
1 36097U 09064A   20198.11586235 -.00000265  00000-0  00000+0 0  9998
2 36097   0.0176  67.9523 0002275  52.8706 170.2974  1.00271160 39029
EUTELSAT 36B            
1 36101U 09065A   20198.13191376  .00000164  00000-0  00000+0 0  9992
2 36101   0.0634  14.5895 0004373 101.1001 262.0959  1.00272125 39138
INTELSAT 15 (IS-15)     
1 36106U 09067A   20198.06997628 -.00000176  00000-0  00000+0 0  9999
2 36106   0.0109 348.7771 0002130 133.9625 281.9561  1.00271147 38927
WGS F3 (USA 211)        
1 36108U 09068A   20197.83531172 -.00000088  00000-0  00000-0 0  9997
2 36108   0.0228  49.2586 0000356 183.4545 350.1561  1.00270233 24937
DIRECTV 12              
1 36131U 09075A   20197.45829300 -.00000094  00000-0  00000+0 0  9998
2 36131   0.0454 222.2409 0000218 305.7075 187.9905  1.00272412 38704
BEIDOU 3                
1 36287U 10001A   20198.16720299 -.00000272  00000-0  00000+0 0  9995
2 36287   1.4638  28.0022 0005278 113.6622 353.4081  1.00273513 38497
RADUGA-1M 2             
1 36358U 10002A   20198.14177142 -.00000174  00000-0  00000+0 0  9997
2 36358   0.0289 180.0762 0002926 309.2230 301.1640  1.00270619 38336
SDO                     
1 36395U 10005A   20197.30185303 -.00000073  00000-0  00000+0 0  9994
2 36395  30.3689 120.8439 0001567   7.3441 172.1630  1.00270317 38341
INTELSAT 16 (IS-16)     
1 36397U 10006A   20197.82248806 -.00000235  00000-0  00000-0 0  9993
2 36397   0.0149 352.3242 0002253 142.8269  18.8616  1.00270996 38183
GOES 15                 
1 36411U 10008A   20197.59673642  .00000065  00000-0  00000-0 0  9996
2 36411   0.0600 249.0550 0002465 187.8316 303.4682  1.00269762 37985
ECHOSTAR 14             
1 36499U 10010A   20198.10111949  .00000009  00000-0  00000+0 0  9997
2 36499   0.0224  46.8937 0002782  72.8199  92.1827  1.00270854 37852
SES-1                   
1 36516U 10016A   20198.24826653 -.00000106  00000-0  00000+0 0  9992
2 36516   0.0329 298.7309 0002410 174.2188 169.9617  1.00274573 37450
ASTRA 3B                
1 36581U 10021A   20198.23938449  .00000146  00000-0  00000+0 0  9999
2 36581   0.0389 332.1470 0003451 155.1207 276.9442  1.00275743 36977
COMSATBW-2              
1 36582U 10021B   20198.12746472  .00000098  00000-0  00000+0 0  9997
2 36582   0.0107  36.8322 0003014  97.7562 218.9489  1.00278011 37317
BADR-5                  
1 36592U 10025A   20197.84272677  .00000154  00000-0  00000-0 0  9995
2 36592   0.0185 113.5957 0005555  26.4145 123.5190  1.00276713 31534
COMS 1                  
1 36744U 10032A   20198.05257720 -.00000335  00000-0  00000+0 0  9999
2 36744   0.0203  70.7058 0000618  47.0376 323.6795  1.00270871 36976
ARABSAT-5A              
1 36745U 10032B   20198.13086694  .00000162  00000-0  00000+0 0  9996
2 36745   0.0614  43.7596 0005148  88.8302 239.4098  1.00270573 36952
ECHOSTAR 15             
1 36792U 10034A   20197.82536684 -.00000273  00000-0  00000-0 0  9999
2 36792   0.0434 277.5799 0001320 191.8531  60.1857  1.00272359 36656
BEIDOU 5                
1 36828U 10036A   20197.72188051 -.00000061  00000-0  10000-3 0  9990
2 36828  54.1637 182.7121 0097906 234.6866 252.8674  1.00250632 36533
NILESAT 201             
1 36830U 10037A   20198.12345187 -.00000049  00000-0  00000+0 0  9995
2 36830   0.0504 196.9026 0006179 272.8930 222.0460  1.00271995 36614
RASCOM-QAF 1R           
1 36831U 10037B   20198.12537106  .00000027  00000-0  00000+0 0  9995
2 36831   0.0171  77.3585 0005519  36.1527 228.9149  1.00271680 36617
AEHF-1 (USA 214)        
1 36868U 10039A   20198.12563277  .00000033  00000-0  00000+0 0  9992
2 36868   2.8098  97.1581 0005594   4.8229 241.6670  1.00269927 36763
CHINASAT 6A (ZX 6A)     
1 37150U 10042A   20198.18504671 -.00000345  00000-0  00000+0 0  9997
2 37150   0.0483 250.0407 0002001 265.0422 331.0446  1.00271195 36225
QZS-1 (MICHIBIKI-1)     
1 37158U 10045A   20198.15459510 -.00000139  00000-0  00000+0 0  9997
2 37158  41.6530 143.1922 0760922 270.7886  75.3907  1.00266370 36039
XM-5                    
1 37185U 10053A   20198.10783664 -.00000196  00000-0  00000+0 0  9994
2 37185   0.0024 114.1225 0001929 283.9867 209.8957  1.00270885 35764
BSAT-3B                 
1 37207U 10056B   20197.87090104 -.00000342  00000-0  00000-0 0  9999
2 37207   0.0655 309.8078 0000591  25.6543  22.0768  1.00270824 30509
BEIDOU 6                
1 37210U 10057A   20197.92202300 -.00000103  00000-0  00000+0 0  9997
2 37210   0.8633  50.0516 0004775 108.4876 267.6200  1.00273034 35606
SKYTERRA 1              
1 37218U 10061A   20198.10460892 -.00000110  00000-0  00000+0 0  9991
2 37218   2.1452   1.3338 0002072 138.4575  90.9440  1.00272207 35543
ZHONGXING-20A           
1 37234U 10064A   20198.18341824 -.00000342  00000-0  00000+0 0  9990
2 37234   0.9305  96.8220 0003823  15.7030  14.3869  1.00271920 35356
HYLAS 1                 
1 37237U 10065A   20197.87132740 -.00000098  00000-0  00000-0 0  9993
2 37237   0.1953  94.4781 0003846  14.4090 299.3536  1.00271587 35291
INTELSAT 17 (IS-17)     
1 37238U 10065B   20198.15813497  .00000008  00000-0  00000+0 0  9990
2 37238   0.0058 240.0483 0002879 245.3757 291.9328  1.00271709 35243
BEIDOU 7                
1 37256U 10068A   20197.73199931 -.00000224  00000-0  00000+0 0  9997
2 37256  51.4347 298.0056 0078245 210.3845 165.0248  1.00248357 35114
EUTELSAT KA-SAT 9A      
1 37258U 10069A   20198.24493888  .00000070  00000-0  00000+0 0  9993
2 37258   0.0316 324.5926 0006055 128.9925 298.1115  1.00270164 35141
HISPASAT 30W-5          
1 37264U 10070A   20197.40097900 -.00000208  00000-0  00000+0 0  9998
2 37264   0.0126 112.4033 0005846  13.1957 282.4502  1.00272666 34983
KOREASAT 6              
1 37265U 10070B   20197.80813360 -.00000353  00000-0  00000-0 0  9991
2 37265   0.0173  19.9115 0000976 111.9927 209.1319  1.00271926 35083
BEIDOU 8                
1 37384U 11013A   20198.20000156 -.00000195  00000-0  10000-3 0  9995
2 37384  59.3057  61.3053 0045778 204.2699 216.9301  1.00250068 34008
INTELSAT NEW DAWN       
1 37392U 11016A   20198.13139035  .00000165  00000-0  00000+0 0  9999
2 37392   0.0300 166.3043 0000526 220.6960 347.4965  1.00272584 33834
YAHSAT 1A               
1 37393U 11016B   20198.13531596  .00000110  00000-0  00000+0 0  9998
2 37393   0.0322  93.0325 0002854   5.6250 296.9682  1.00269469 33884
SBIRS GEO-1 (USA 230)   
1 37481U 11019A   20198.20979552  .00000003  00000-0  00000+0 0  9996
2 37481   2.0302 344.6248 0002364 127.2632 324.3333  1.00272378 33660
TELSTAR 14R             
1 37602U 11021A   20198.11228567 -.00000271  00000-0  00000+0 0  9995
2 37602   0.0142  27.6709 0002058  65.9740 178.1842  1.00272007 34102
GSAT-8                  
1 37605U 11022A   20198.13583937  .00000094  00000-0  00000+0 0  9998
2 37605   0.0291 100.1288 0002318 168.9990 129.2535  1.00270931 33568
ST-2                    
1 37606U 11022B   20197.84215997 -.00000202  00000-0  00000-0 0  9997
2 37606   0.0183  43.5520 0001825 116.7380 165.0205  1.00266386 33598
CHINASAT 10 (ZX 10)     
1 37677U 11026A   20197.87074194 -.00000343  00000-0  00000-0 0  9990
2 37677   0.0908 263.7802 0004238 256.6727 197.7016  1.00270006 33293
TIANLIAN 1-02           
1 37737U 11032A   20198.15886965 -.00000010  00000-0  00000+0 0  9993
2 37737   2.7899  75.1607 0014286  89.9163 357.5338  1.00275020 33048
GSAT-12                 
1 37746U 11034A   20197.78042441 -.00000157  00000-0  00000-0 0  9999
2 37746   0.0347 275.5720 0010753 183.6599 198.8202  1.00271608 21815
SES-3                   
1 37748U 11035A   20198.10425998 -.00000093  00000-0  00000+0 0  9999
2 37748   0.0239 331.2369 0002614 144.0877 113.5932  1.00272056 33010
KAZSAT-2                
1 37749U 11035B   20197.84215997 -.00000189  00000-0  00000-0 0  9993
2 37749   0.0421 148.1445 0002244  31.5558 144.1161  1.00272242 31704
BEIDOU 9                
1 37763U 11038A   20198.11024997  .00000001  00000-0  10000-3 0  9997
2 37763  54.4508 185.1165 0074140 225.6570  17.5633  1.00288380 32969
ASTRA 1N                
1 37775U 11041A   20198.12859880  .00000129  00000-0  00000+0 0  9998
2 37775   0.0362  22.2873 0004221  62.0950 275.5507  1.00275167 32721
BSAT-3C (JCSAT-110R)    
1 37776U 11041B   20197.87090219 -.00000342  00000-0  00000-0 0  9992
2 37776   0.0142  68.4675 0000408 186.1287 103.0497  1.00271561 28805
PAKSAT-1R               
1 37779U 11042A   20197.88452333  .00000163  00000-0  00000-0 0  9996
2 37779   0.0411 207.0741 0004096 238.2926 205.2048  1.00270971 32792
CHINASAT 1A (ZX 1A)     
1 37804U 11047A   20198.19563312 -.00000328  00000-0  00000+0 0  9998
2 37804   0.0526 235.4816 0002669 172.7681  86.6764  1.00274106 32396
COSMOS 2473             
1 37806U 11048A   20197.83496278 -.00000100  00000-0  00000+0 0  9995
2 37806   0.1203 103.4410 0003537  20.0586  97.5860  1.00270222 32381
SES-2                   
1 37809U 11049A   20198.10722600 -.00000187  00000-0  00000+0 0  9996
2 37809   0.0417 291.5831 0002593 185.2172 129.1948  1.00273310 32315
ARABSAT-5C              
1 37810U 11049B   20198.12877326  .00000132  00000-0  00000+0 0  9995
2 37810   0.0587   5.4970 0004743 133.3194 221.9685  1.00268930 32230
EUTELSAT 7 WEST A       
1 37816U 11051A   20198.08174209 -.00000051  00000-0  00000+0 0  9990
2 37816   0.0622 351.7666 0006404 157.5902 167.1624  1.00271492 32282
QUETZSAT 1              
1 37826U 11054A   20198.10949413 -.00000233  00000-0  00000+0 0  9996
2 37826   0.0375 305.6482 0002909 176.9769 134.1940  1.00273010 32412
INTELSAT 18 (IS-18)     
1 37834U 11056A   20198.16070161  .00000062  00000-0  00000+0 0  9997
2 37834   0.0212 303.8908 0001915 178.5815  49.8307  1.00271363 32171
EUTELSAT 16A            
1 37836U 11057A   20198.12798816  .00000113  00000-0  00000+0 0  9997
2 37836   0.0641   6.4945 0005122 109.0593 240.9546  1.00274541 32116
VIASAT-1                
1 37843U 11059A   20198.10190462 -.00000014  00000-0  00000+0 0  9999
2 37843   0.0250  50.4202 0002223  74.1362  91.4181  1.00269163 32590
ASIASAT 7               
1 37933U 11069A   20198.20174925 -.00000324  00000-0  00000+0 0  9991
2 37933   0.0379 260.0219 0001194 196.0481  16.5293  1.00269139 31786
BEIDOU 10               
1 37948U 11073A   20197.21341588 -.00000164  00000-0  10000-3 0  9990
2 37948  51.5292 297.6003 0069408 212.8499 314.4025  1.00289275 31711
LUCH 5A                 
1 37951U 11074B   20197.94269912 -.00000039  00000-0  00000+0 0  9991
2 37951   3.3267 114.1191 0004946 355.1992 331.2354  1.00275061 31505
NIGCOMSAT 1R            
1 38014U 11077A   20198.13330954  .00000154  00000-0  00000+0 0  9999
2 38014   0.0386 225.6003 0002404 242.3132 276.9841  1.00272301 31355
FENGYUN 2F              
1 38049U 12002A   20197.69216803 -.00000350  00000-0  00000-0 0  9992
2 38049   2.1281  83.4367 0002082  73.2287 138.6311  1.00267649 31206
WGS F4 (USA 233)        
1 38070U 12003A   20197.84215997 -.00000206  00000-0  00000-0 0  9997
2 38070   0.0176  65.8137 0000544 150.4169 109.4888  1.00269724 22466
SES-4                   
1 38087U 12007A   20198.08729905 -.00000159  00000-0  00000+0 0  9991
2 38087   0.0079  19.0055 0002699  98.3103 186.4780  1.00272298 30800
BEIDOU 11               
1 38091U 12008A   20198.13653727  .00000065  00000-0  00000+0 0  9996
2 38091   1.5419  67.4661 0003742 306.6839  28.0647  1.00272672 30797
MUOS-1                  
1 38093U 12009A   20197.50287091 -.00000120  00000-0  00000+0 0  9999
2 38093   2.5300   8.6372 0053517   4.1483   2.0192  1.00273584 30773
INTELSAT 22 (IS-22)     
1 38098U 12011A   20198.20535598 -.00000049  00000-0  00000+0 0  9993
2 38098   0.0224 337.3832 0002214 134.4197 328.7187  1.00269756 30370
APSTAR 7                
1 38107U 12013A   20197.56924405 -.00000093  00000-0  00000+0 0  9992
2 38107   0.0393  73.2489 0003165  45.5396  96.5031  1.00271699 30480
YAHSAT 1B               
1 38245U 12016A   20198.13426913  .00000135  00000-0  00000+0 0  9999
2 38245   0.0292  95.9226 0002326  11.3740 283.0557  1.00270869 30241
AEHF-2 (USA 235)        
1 38254U 12019A   20198.25489646 -.00000267  00000-0  00000+0 0  9994
2 38254   2.0501  47.8637 0007142  60.7253 210.0096  1.00278535 29992
JCSAT-13                
1 38331U 12023A   20198.05813428 -.00000347  00000-0  00000+0 0  9991
2 38331   0.0230  66.6046 0002326  60.7443 311.9268  1.00270307 29898
VINASAT-2               
1 38332U 12023B   20198.19563312 -.00000320  00000-0  00000+0 0  9992
2 38332   0.0468 286.2494 0001819 203.5760   6.9322  1.00271359 29939
NIMIQ 6                 
1 38342U 12026A   20197.46056113 -.00000165  00000-0  00000+0 0  9998
2 38342   0.0480 283.2645 0002611 187.7493 257.4444  1.00272172 29916
CHINASAT 2A (ZX 2A)     
1 38352U 12028A   20198.07259337 -.00000284  00000-0  00000+0 0  9994
2 38352   0.0415 137.0629 0000716 262.4858  19.2150  1.00272589 29968
INTELSAT 19 (IS-19)     
1 38356U 12030A   20198.15791006 -.00000047  00000-0  00000+0 0  9991
2 38356   0.0159   7.3839 0003222 115.5870  34.3311  1.00272967 29839
ECHOSTAR 17             
1 38551U 12035A   20198.10347485 -.00000066  00000-0  00000+0 0  9997
2 38551   0.0247  53.3657 0001991  63.0987 108.0822  1.00270522 29448
METEOSAT-10 (MSG-3)     
1 38552U 12035B   20198.12676684  .00000073  00000-0  00000+0 0  9993
2 38552   1.0067  17.9431 0000337  42.7898 288.9282  1.00281246 29537
SES-5                   
1 38652U 12036A   20198.12580725  .00000042  00000-0  00000+0 0  9991
2 38652   0.0501  91.3608 0001706  21.7972 231.5214  1.00271067 29385
TIANLIAN 1-03           
1 38730U 12040A   20197.91230041  .00000133  00000-0  00000-0 0  9994
2 38730   0.2931 106.2966 0004416 305.9974 230.6525  1.00271203 29303
INTELSAT 20 (IS-20)     
1 38740U 12043A   20198.15813497 -.00000015  00000-0  00000+0 0  9996
2 38740   0.0124  75.7031 0000632 125.9097 218.2588  1.00271446 29154
HYLAS 2                 
1 38741U 12043B   20198.27452456  .00000163  00000-0  00000+0 0  9997
2 38741   0.0255 295.2148 0001577 180.7826 308.4175  1.00270176 29171
INTELSAT 21 (IS-21)     
1 38749U 12045A   20197.82615196 -.00000276  00000-0  00000-0 0  9996
2 38749   0.0172  64.4372 0002017  57.2703  51.8242  1.00271226 28860
ASTRA 2F                
1 38778U 12051A   20198.13043075  .00000159  00000-0  00000+0 0  9999
2 38778   0.1018 249.5016 0002944 297.5400 182.5474  1.00276398 28612
GSAT-10                 
1 38779U 12051B   20198.06954010 -.00000155  00000-0  00000+0 0  9999
2 38779   0.0126  99.1702 0001267 328.3830 334.8405  1.00270127 28610
INTELSAT 23 (IS-23)     
1 38867U 12057A   20197.82711156 -.00000276  00000-0  00000-0 0  9993
2 38867   0.0119  11.2263 0001493 101.5648  66.0851  1.00273066 28328
BEIDOU 16               
1 38953U 12059A   20198.14159696 -.00000166  00000-0  00000+0 0  9999
2 38953   1.1743  83.8218 0007614 277.7916  67.7298  1.00269351 28368
LUCH 5B                 
1 38977U 12061A   20197.83443936 -.00000130  00000-0  00000-0 0  9998
2 38977   5.8052  67.4735 0003298  43.5523 107.1466  1.00273271 28493
YAMAL 300K              
1 38978U 12061B   20198.16131226  .00000080  00000-0  00000+0 0  9994
2 38978   0.0156   2.0218 0001280 224.8174 308.6181  1.00272934 28196
STAR ONE C3             
1 38991U 12062A   20198.10984307 -.00000240  00000-0  00000+0 0  9999
2 38991   0.0336 282.9811 0002246 197.9721 137.9829  1.00274072 28175
EUTELSAT 21B            
1 38992U 12062B   20198.12912221  .00000139  00000-0  00000+0 0  9994
2 38992   0.0641   7.9704 0002471 105.4192 249.1192  1.00275319 28193
ECHOSTAR 16             
1 39008U 12065A   20198.28068056 -.00000273  00000-0  00000+0 0  9991
2 39008   0.0182  55.4606 0002364  53.5324 225.1215  1.00277333 28123
CHINASAT 12 (ZX 12)     
1 39017U 12067A   20198.14229484 -.00000197  00000-0  00000+0 0  9997
2 39017   0.0233  61.5298 0003137  52.3476 319.2781  1.00268513 28032
EUTELSAT 70B            
1 39020U 12069A   20197.83452215 -.00000035  00000-0  00000-0 0  9990
2 39020   0.0716 337.8244 0005771 179.2588 147.9831  1.00270591 27828
YAMAL 402               
1 39022U 12070A   20197.87896637  .00000094  00000-0  00000-0 0  9992
2 39022   0.0143  91.9271 0002640  32.5142 181.0566  1.00273147 27713
SKYNET 5D               
1 39034U 12075A   20198.13531596  .00000108  00000-0  00000+0 0  9995
2 39034   0.0743 352.0813 0003636 138.0368 265.7944  1.00275291 27849
MEXSAT 3                
1 39035U 12075B   20198.10190462 -.00000017  00000-0  00000+0 0  9996
2 39035   0.0215  45.7565 0002185  80.9117  89.6144  1.00271227 27793
TDRS 11                 
1 39070U 13004A   20197.61429247  .00000091  00000-0  00000-0 0  9991
2 39070   3.7911 332.6528 0005400  69.2897 298.8125  1.00266297 25017
AMAZONAS 3              
1 39078U 13006A   20197.46658042 -.00000274  00000-0  00000+0 0  9994
2 39078   0.0564 238.7835 0002255 282.4450 239.5062  1.00270323 27283
AZERSPACE 1             
1 39079U 13006B   20197.89563466  .00000141  00000-0  00000-0 0  9990
2 39079   0.0276 295.6411 0001634 209.3294 157.6600  1.00274709 27123
SBIRS GEO-2 (USA 241)   
1 39120U 13011A   20198.12894774  .00000132  00000-0  00000+0 0  9998
2 39120   2.1037 344.4008 0002684 123.8320 253.2061  1.00272664 26917
EUTELSAT 117 WEST A     
1 39122U 13012A   20198.10155566 -.00000004  00000-0  00000+0 0  9997
2 39122   0.0104  25.2580 0002837  97.8893  91.0159  1.00273480 26783
ANIK G1                 
1 39127U 13014A   20197.49783679 -.00000066  00000-0  00000+0 0  9995
2 39127   0.0345 280.3984 0000599 235.2703 210.0389  1.00272283 26562
CHINASAT 11 (ZX 11)     
1 39157U 13020A   20197.86172500 -.00000283  00000-0  00000-0 0  9993
2 39157   0.0186  42.9311 0001054 328.4362 331.0355  1.00272826 26219
EUTELSAT 7B             
1 39163U 13022A   20198.12615619  .00000057  00000-0  00000+0 0  9992
2 39163   0.0536 357.0347 0003226  50.6002 299.1840  1.00272587 26297
WGS F5 (USA 243)        
1 39168U 13024A   20198.11437934 -.00000275  00000-0  00000+0 0  9993
2 39168   0.0163  29.7144 0000503 185.6937  67.6792  1.00272095 26149
SES-6                   
1 39172U 13026A   20198.11673471 -.00000252  00000-0  00000+0 0  9993
2 39172   0.0406 302.3122 0001858 168.5208 185.0994  1.00271521 26035
IRNSS-1A                
1 39199U 13034A   20197.80655248  .00000071  00000-0  00000+0 0  9996
2 39199  30.9158  96.3251 0017039 184.9118 358.2677  1.00276463 25966
MUOS-2                  
1 39206U 13036A   20198.16131226  .00000076  00000-0  00000+0 0  9997
2 39206   2.6078 357.7513 0056346 176.4089   1.3442  1.00269766 25621
ALPHASAT                
1 39215U 13038A   20198.12973286  .00000143  00000-0  00000+0 0  9990
2 39215   2.4598  20.0028 0002001 118.8700 227.1266  1.00273312 25585
INSAT-3D                
1 39216U 13038B   20197.56690174 -.00000147  00000-0  00000-0 0  9996
2 39216   0.0434 274.6296 0001653 207.0964  98.2914  1.00269876 25428
WGS F6 (USA 244)        
1 39222U 13041A   20198.09789176  .00000098  00000-0  00000+0 0  9990
2 39222   0.0189  51.1774 0000365 212.0141 291.2537  1.00272703 25387
EUTELSAT 25B            
1 39233U 13044A   20198.12990734  .00000152  00000-0  00000+0 0  9994
2 39233   0.0484 353.7845 0001685 126.9644 245.9226  1.00273287 25226
GSAT-7                  
1 39234U 13044B   20198.15813497 -.00000068  00000-0  00000+0 0  9995
2 39234   0.0217 299.6349 0005679 317.7034 168.0550  1.00272426 25227
AMOS-4                  
1 39237U 13045A   20198.13775858  .00000016  00000-0  00000+0 0  9997
2 39237   0.0323 274.0863 0002512 175.5176 319.4159  1.00271221 25214
AEHF-3 (USA 246)        
1 39256U 13050A   20198.06368838 -.00000346  00000-0  00000+0 0  9999
2 39256   0.5950   1.2123 0003293  85.4021 341.7193  1.00267911 25004
ASTRA 2E                
1 39285U 13056A   20197.80521637  .00000159  00000-0  00000-0 0  9998
2 39285   0.0638  40.9784 0002088  69.3439 142.1187  1.00270204 24781
SIRIUS FM-6             
1 39360U 13058A   20198.31692949 -.00000007  00000-0  00000+0 0  9998
2 39360   0.0076 323.5406 0000701 327.0222   1.9600  1.00265670 24666
RADUGA-1M 3             
1 39375U 13062A   20197.34771652  .00000164  00000-0  10000-3 0  9998
2 39375   0.5026  98.1622 0005691 323.8052  31.8998  1.00272109 24448
SES-8                   
1 39460U 13071A   20198.28734824 -.00000261  00000-0  00000+0 0  9991
2 39460   0.0576 247.9832 0002610 218.0337  26.9973  1.00273007 24192
INMARSAT 5-F1           
1 39476U 13073A   20198.13732240  .00000037  00000-0  00000+0 0  9994
2 39476   0.0263  52.8318 0000379 169.2773 184.3576  1.00269322 24255
TKSAT-1 (TUPAC KATARI)  
1 39481U 13075A   20198.10740046 -.00000185  00000-0  00000+0 0  9997
2 39481   0.0519 252.3152 0002629 205.9450 147.6016  1.00266722 24160
EXPRESS-AM5             
1 39487U 13077A   20198.17220297 -.00000271  00000-0  00000+0 0  9999
2 39487   0.0528 229.7070 0001242 124.1032 142.6753  1.00273192 24679
GSAT-14                 
1 39498U 14001A   20198.15813497 -.00000068  00000-0  00000+0 0  9991
2 39498   0.0541 271.4566 0002208 320.3679 193.5573  1.00271846 23904
THAICOM 6               
1 39500U 14002A   20197.84771424 -.00000113  00000-0  00000-0 0  9996
2 39500   0.0521 126.5907 0004454   1.0508 190.2046  1.00273243 23771
TDRS 12                 
1 39504U 14004A   20198.26021786 -.00000256  00000-0  00000+0 0  9995
2 39504   4.6188 338.6508 0003337 145.3047 223.4082  1.00273620 23774
ABS-2                   
1 39508U 14006A   20198.15813497 -.00000077  00000-0  00000+0 0  9998
2 39508   0.0297 304.0269 0003513 165.4613 316.8062  1.00271908 23646
ATHENA-FIDUS            
1 39509U 14006B   20198.13234994  .00000163  00000-0  00000+0 0  9991
2 39509   0.0135  32.9959 0000937  87.6836 259.1905  1.00273438 23825
TURKSAT 4A              
1 39522U 14007A   20198.13322230  .00000155  00000-0  00000+0 0  9999
2 39522   0.0679 268.2636 0000688 273.0126 203.0787  1.00271356 23536
EXPRESS-AT1             
1 39612U 14010A   20197.90522626  .00000087  00000-0  00000-0 0  9993
2 39612   0.0490 225.6150 0000182  49.0828  41.3841  1.00271563 23134
EXPRESS-AT2             
1 39613U 14010B   20198.19563312 -.00000272  00000-0  00000+0 0  9999
2 39613   0.0495 222.4412 0000508  54.4735 227.8474  1.00272330 23209
AMAZONAS 4A             
1 39616U 14011A   20197.82292424 -.00000244  00000-0  00000-0 0  9995
2 39616   0.0804  76.1515 0003159  40.8751  39.3690  1.00272730 23015
ASTRA 5B                
1 39617U 14011B   20198.13112865  .00000164  00000-0  00000+0 0  9990
2 39617   0.0553  73.5544 0003334  39.5009 260.0530  1.00271152 23198
LUCH 5V                 
1 39727U 14023A   20198.14369061 -.00000259  00000-0  00000+0 0  9994
2 39727   0.4962 339.6083 0003738 137.0716 324.2420  1.00272272540840
KAZSAT-3                
1 39728U 14023B   20198.13645003  .00000068  00000-0  00000+0 0  9994
2 39728   0.0489 239.9394 0000977 250.2087 271.9002  1.00279692 22762
EUTELSAT 3B             
1 39773U 14030A   20198.12545830  .00000029  00000-0  00000+0 0  9995
2 39773   0.0602   9.0794 0004935 137.8403 195.7822  1.00269686 22539
USA 253                 
1 40099U 14043A   20192.50486111 -.00000301  00000-0  00000+0 0  9998
2 40099   0.4192 100.4006 0000641  14.8019  90.3623  1.00435862  6328
USA 254                 
1 40100U 14043B   20184.55562025  .00000025  00000-0  00000+0 0  9998
2 40100   0.6047  96.9296 0005288   4.9527 199.8162  1.00124126  5935
ASIASAT 8               
1 40107U 14046A   20198.12406253 -.00000024  00000-0  00000+0 0  9996
2 40107   0.0646 266.4675 0002088 198.5307 230.1863  1.00271634 21816
ASIASAT 6               
1 40141U 14052A   20198.31438205 -.00000353  00000-0  00000+0 0  9999
2 40141   0.0637 264.1237 0000608 249.8638  13.6957  1.00270488 21483
OPTUS 10                
1 40146U 14054A   20198.26924219 -.00000138  00000-0  00000+0 0  9996
2 40146   0.0767  12.4742 0003789 120.6192  54.3980  1.00271303 21442
MEASAT-3B               
1 40147U 14054B   20198.14307997 -.00000232  00000-0  00000+0 0  9997
2 40147   0.0382 329.2149 0001238 135.5956 332.5936  1.00271049 21490
LUCH (OLYMP)            
1 40258U 14058A   20197.87240800 -.00000003  00000-0  00000-0 0  9999
2 40258   0.0240  49.7148 0001197  58.8817 138.5465  1.00270367 19317
HIMAWARI-8              
1 40267U 14060A   20198.11716056 -.00000267  00000-0  00000+0 0  9992
2 40267   0.0200  58.2009 0000812 121.6809 297.3663  1.00268643 21183
IRNSS-1C                
1 40269U 14061A   20198.06954010 -.00000152  00000-0  00000+0 0  9996
2 40269   1.9144 174.0036 0019647  12.3301 216.1281  1.00271884 21140
INTELSAT 30 (IS-30)     
1 40271U 14062A   20196.02417098 -.00000138  00000-0  00000+0 0  9998
2 40271   0.0105 332.5218 0013866  55.3868 178.1031  1.00222196 21068
ARSAT 1                 
1 40272U 14062B   20198.11045373 -.00000250  00000-0  00000+0 0  9999
2 40272   0.0613 262.1955 0001373 232.6400 127.5051  1.00268589 21203
EXPRESS-AM6             
1 40277U 14064A   20197.80674448  .00000106  00000-0  00000-0 0  9992
2 40277   0.0582 241.8177 0000747 294.7392 100.9783  1.00273210 19892
GSAT-16                 
1 40332U 14078A   20198.13575214  .00000094  00000-0  00000+0 0  9992
2 40332   0.0637 271.3833 0007277 182.7814 304.1914  1.00272256 20583
DIRECTV 14              
1 40333U 14078B   20198.10504510 -.00000116  00000-0  00000+0 0  9997
2 40333   0.0235 130.7771 0000361 204.5973 257.5959  1.00270988 20561
YAMAL 401               
1 40345U 14082A   20197.84215995 -.00000219  00000-0  00000-0 0  9996
2 40345   0.0048  31.9525 0000438 169.4389 125.8501  1.00270326 20724
ASTRA 2G                
1 40364U 14089A   20197.80520791  .00000158  00000-0  00000-0 0  9994
2 40364   0.0220  10.4646 0004176  67.6774 174.0009  1.00272445 20287
FENGYUN 2G              
1 40367U 14090A   20198.07285506 -.00000294  00000-0  00000+0 0  9992
2 40367   2.1506  94.2398 0001552 325.5832   0.1425  1.00279708 20358
MUOS-3                  
1 40374U 15002A   20198.26519031 -.00000117  00000-0  00000+0 0  9992
2 40374   2.7980 347.9556 0057577 176.3598 210.1959  1.00270859 20141
INMARSAT 5-F2           
1 40384U 15005A   20198.11385593 -.00000276  00000-0  00000+0 0  9990
2 40384   0.0250  48.7334 0000212 139.1084  92.5400  1.00269358 19990
ABS-3A                  
1 40424U 15010A   20198.25587661 -.00000017  00000-0  00000+0 0  9999
2 40424   0.0161  51.3201 0002157 344.8034 347.5401  1.00272286 19728
EUTELSAT 115 WEST B     
1 40425U 15010B   20198.31824733 -.00000016  00000-0  00000+0 0  9990
2 40425   0.0105 138.4134 0000273 326.5316 189.3165  1.00271796 19753
EXPRESS-AM7             
1 40505U 15012A   20197.93452014  .00000159  00000-0  10027+1 0  9995
2 40505   0.0209  70.5963 0003140  48.2121 191.8592  1.00275385 19672
IRNSS-1D                
1 40547U 15018A   20196.63973049 -.00000280  00000-0  00000-0 0  9995
2 40547  29.2053 276.8332 0021296 182.7261 175.5172  1.00276443 19297
BEIDOU 17               
1 40549U 15019A   20198.21898535 -.00000198  00000-0  00000+0 0  9997
2 40549  53.0154 320.8714 0039632 187.9494 321.7086  1.00281591 19400
THOR 7                  
1 40613U 15022A   20198.25049582  .00000001  00000-0  00000+0 0  9999
2 40613   0.0037   8.3875 0002564 112.1886 263.4853  1.00271471 19140
TURKMENALEM52E/MONACOSAT
1 40617U 15023A   20198.13522873  .00000112  00000-0  00000+0 0  9993
2 40617   0.0254  50.4843 0003106  77.9140 266.7512  1.00274189 19150
DIRECTV 15              
1 40663U 15026A   20198.34615288 -.00000094  00000-0  00000+0 0  9993
2 40663   0.0198  84.7710 0000413 105.8271 125.7995  1.00272326 18851
SKY MEXICO-1            
1 40664U 15026B   20197.46309098 -.00000226  00000-0  00000+0 0  9992
2 40664   0.0229  39.0237 0001862  84.2829 258.3949  1.00268903 18850
METEOSAT-11 (MSG-4)     
1 40732U 15034A   20198.12484765  .00000007  00000-0  00000+0 0  9992
2 40732   0.7721 273.1701 0003314 219.6343 206.5967  1.00271349 18354
STAR ONE C4             
1 40733U 15034B   20198.11088990 -.00000256  00000-0  00000+0 0  9999
2 40733   0.0320  59.3031 0001403  31.5712 173.4505  1.00272576 18332
WGS F7 (USA 263)        
1 40746U 15036A   20198.15965479  .00000026  00000-0  00000+0 0  9999
2 40746   0.0403  77.6747 0000322  47.4920  41.7270  1.00270954 18199
INTELSAT 34 (IS-34)     
1 40874U 15039A   20198.25733907 -.00000276  00000-0  00000+0 0  9992
2 40874   0.0240  40.8973 0000675 308.1720 342.6356  1.00268013 17997
EUTELSAT 8 WEST B       
1 40875U 15039B   20198.25605021 -.00000057  00000-0  00000+0 0  9995
2 40875   0.0652  22.2997 0005308  84.4558 271.9504  1.00271701 18017
GSAT-6                  
1 40880U 15041A   20198.14124802 -.00000151  00000-0  00000+0 0  9990
2 40880   0.0551 110.1801 0002587  96.8216 220.7785  1.00272344 17955
INMARSAT 5-F3           
1 40882U 15042A   20198.04493594  .00000059  00000-0  00000+0 0  9995
2 40882   0.0255  51.5776 0000447 203.6976 234.8191  1.00269349 17870
MUOS-4                  
1 40887U 15044A   20198.13985223 -.00000082  00000-0  00000+0 0  9994
2 40887   2.9304 344.3231 0052381   2.5817  72.9326  1.00272477 17882
TJS-1                   
1 40892U 15046A   20198.10396645 -.00000147  00000-0  10000-3 0  9990
2 40892   0.0601 102.5120 0001092 263.4402 120.8846  1.00274370 17872
EXPRESS-AM8             
1 40895U 15048A   20196.92132700 -.00000104  00000-0  00000-0 0  9992
2 40895   0.0404 221.7382 0000265 235.4133 153.7390  1.00271262 17686
BEIDOU 20               
1 40938U 15053A   20197.71021535 -.00000137  00000-0  00000+0 0  9992
2 40938  52.5746 283.9072 0051451 188.6597 173.1752  1.00266171 17688
SKY MUSTER (NBN1A)      
1 40940U 15054A   20198.29633354 -.00000270  00000-0  00000+0 0  9996
2 40940   0.0159  22.5647 0001450  97.4849  61.4539  1.00270752 17584
ARSAT 2                 
1 40941U 15054B   20198.25219215 -.00000216  00000-0  00000+0 0  9999
2 40941   0.0451 245.2901 0001541 230.2067 188.8287  1.00271199 17644
MORELOS 3               
1 40946U 15056A   20197.49420053 -.00000031  00000-0  00000+0 0  9990
2 40946   4.7759 328.7181 0003357 179.2666 210.6146  1.00271213 17591
APSTAR 9                
1 40982U 15059A   20198.16479095 -.00000257  00000-0  00000+0 0  9998
2 40982   0.0554 247.4604 0002954 246.4183   1.8816  1.00269348 17470
TURKSAT 4B              
1 40984U 15060A   20198.13479255  .00000124  00000-0  00000+0 0  9999
2 40984   0.0116 332.2195 0001965 132.7847 287.9242  1.00270963 17430
CHINASAT 2C (ZX 2C)     
1 41021U 15063A   20196.49439539 -.00000316  00000-0  00000+0 0  9997
2 41021   0.0544 253.6261 0001982 225.6330  94.9376  1.00270447 17314
GSAT-15                 
1 41028U 15065A   20197.84215997 -.00000249  00000-0  00000-0 0  9992
2 41028   0.0790 274.3015 0003416 174.0819 242.4086  1.00271852 17133
BADR-7 (ARABSAT-6B)     
1 41029U 15065B   20198.12999457  .00000154  00000-0  00000+0 0  9998
2 41029   0.0527 246.0552 0004508 321.9961 159.1255  1.00271704 17237
LAOSAT 1                
1 41034U 15067A   20198.05257720 -.00000334  00000-0  00000+0 0  9999
2 41034   0.0479 219.9012 0001117 242.3474 339.5038  1.00269099 17166
TELSTAR 12V             
1 41036U 15068A   20198.25605021 -.00000110  00000-0  00000+0 0  9997
2 41036   0.0125 326.8549 0001771 158.0925 246.7780  1.00272695 17056
CHINASAT 1C (ZX 1C)     
1 41103U 15073A   20198.14107353 -.00000143  00000-0  00000+0 0  9997
2 41103   1.6849  92.1849 0002016 352.1472 342.3806  1.00271291 16988
ELEKTRO-L 2             
1 41105U 15074A   20198.15813497 -.00000089  00000-0  00000+0 0  9993
2 41105   1.2677  96.8261 0001668  53.5006 277.0821  1.00272922 16838
COSMOS 2513             
1 41121U 15075A   20198.14081184 -.00000129  00000-0  00000+0 0  9996
2 41121   0.0615 113.1031 0002266   2.8870 309.3738  1.00271077 16920
EXPRESS-AMU1            
1 41191U 15082A   20198.13200100  .00000164  00000-0  00000+0 0  9999
2 41191   0.0185  53.2918 0002456  74.6253 250.1040  1.00271543 16837
GAOFEN 4                
1 41194U 15083A   20197.97341065 -.00000325  00000-0  00000+0 0  9990
2 41194   0.0584 103.5235 0004190  64.6207 222.1936  1.00268066 16816
BELINTERSAT-1           
1 41238U 16001A   20197.89563466  .00000116  00000-0  00000-0 0  9990
2 41238   0.0465 249.3576 0003030 245.8631 172.8727  1.00271285 16575
IRNSS-1E                
1 41241U 16003A   20197.68031802 -.00000309  00000-0  00000+0 0  9991
2 41241  29.2658  95.7941 0018585 181.0409  13.8454  1.00273925 16518
EUTELSAT 9B             
1 41310U 16005A   20198.12659237  .00000070  00000-0  00000+0 0  9992
2 41310   0.0487  70.1998 0001863 182.3548  96.4256  1.00270495 16437
SES-9                   
1 41380U 16013A   20197.80813360 -.00000337  00000-0  00000-0 0  9999
2 41380   0.0495 268.8859 0001824 200.8840 223.5609  1.00271181 15755
EUTELSAT 65 WEST A      
1 41382U 16014A   20198.11184949 -.00000267  00000-0  00000+0 0  9992
2 41382   0.0461  19.9909 0001759 100.4850 149.0066  1.00272130 15961
IRNSS-1F                
1 41384U 16015A   20198.13130312  .00000170  00000-0  00000+0 0  9994
2 41384   2.1421 216.1570 0020701 195.6979 322.3097  1.00269039 16003
BEIDOU IGSO-6           
1 41434U 16021A   20197.59910576 -.00000148  00000-0  00000+0 0  9990
2 41434  57.0769  60.2109 0039091 203.6221 338.3485  1.00293777 15802
IRNSS-1G                
1 41469U 16027A   20197.99910706 -.00000324  00000-0  00000+0 0  9999
2 41469   2.1576 219.2618 0007152 248.1106 316.0820  1.00270818 15501
JCSAT-2B                
1 41471U 16028A   20198.41482446 -.00000157  00000-0  00000+0 0  9990
2 41471   0.0188  42.1625 0001782  76.2348 119.6270  1.00270599 15414
THAICOM 8               
1 41552U 16031A   20198.06866774 -.00000112  00000-0  00000+0 0  9996
2 41552   0.0689  76.9607 0003574 349.9065 330.7215  1.00272247 15105
INTELSAT 31 (IS-31)     
1 41581U 16035A   20197.96232719 -.00000142  00000-0  00000+0 0  9999
2 41581   0.0192 278.6535 0001873 309.4473 317.5366  1.00271913 15010
BEIDOU-2 G7             
1 41586U 16037A   20198.06368838 -.00000347  00000-0  00000+0 0  9997
2 41586   1.5515  65.1209 0007963   6.2780 356.3106  1.00278372 15105
ABS-2A (MONGOLSAT-1)    
1 41588U 16038A   20198.06796985 -.00000075  00000-0  00000+0 0  9996
2 41588   0.0181  40.6530 0001939 342.7729  10.1135  1.00270660 15023
EUTELSAT 117 WEST B     
1 41589U 16038B   20198.31616620 -.00000002  00000-0  00000+0 0  9992
2 41589   0.0116 144.3269 0000394  29.8516 117.2333  1.00266893 15026
BRISAT                  
1 41591U 16039A   20197.58059778 -.00000188  00000-0  00000+0 0  9994
2 41591   0.0159  25.9503 0001995  91.6555 175.7947  1.00269287 14950
ECHOSTAR 18             
1 41592U 16039B   20197.46649319 -.00000274  00000-0  00000+0 0  9994
2 41592   0.0241  47.1463 0001261  78.1349 275.0644  1.00270733 14946
MUOS-5                  
1 41622U 16041A   20198.32371841 -.00000115  00000-0  00000+0 0  9993
2 41622   7.1882 307.1211 0204492 217.5901 141.4613  1.00272707 15398
TIANTONG-1 1            
1 41725U 16048A   20197.83660546 -.00000306  00000-0  00000-0 0  9995
2 41725   2.9478 334.6739 0001463 110.0794 251.9338  1.00271869 14585
JCSAT-16                
1 41729U 16050A   20198.11785682 -.00000214  00000-0  00000+0 0  9990
2 41729   0.1107  94.3238 0002153 127.6894 207.5749  1.00127301 14386
USA 270                 
1 41744U 16052A   20197.17931456  .00000067  00000-0  00000+0 0  9991
2 41744   0.6217  96.4121 0000644 104.6516 214.0717  1.00339926  6458
USA 271                 
1 41745U 16052B   20192.51527387 -.00000253  00000-0  00000+0 0  9997
2 41745   0.2695 100.5117 0001267   7.8405 153.2930  1.00139653  6209
INTELSAT 36 (IS-36)     
1 41747U 16053A   20198.15813497 -.00000016  00000-0  00000+0 0  9993
2 41747   0.0097  26.3628 0001826 334.7778  58.7400  1.00271716 14288
INTELSAT 33E (IS-33E)   
1 41748U 16053B   20198.13679897  .00000058  00000-0  00000+0 0  9991
2 41748   0.0087  20.0196 0001946 110.1796 273.4545  1.00272108 14549
INSAT-3DR               
1 41752U 16054A   20197.84771424 -.00000069  00000-0  00000-0 0  9997
2 41752   0.0432  91.8794 0010696 173.9729  47.4800  1.00273131 14127
GSAT-18                 
1 41793U 16060A   20198.15813497 -.00000068  00000-0  00000+0 0  9999
2 41793   0.0136  92.5556 0002853  21.2874 311.5248  1.00272338 13857
SKY MUSTER 2            
1 41794U 16060B   20198.00978352 -.00000236  00000-0  00000+0 0  9993
2 41794   0.0182  36.4382 0001360  88.1120 318.0765  1.00269233 13891
HIMAWARI-9              
1 41836U 16064A   20198.19563312 -.00000266  00000-0  00000+0 0  9993
2 41836   0.0199  37.1849 0000606 129.5938 338.9058  1.00269424 13620
SHIJIAN-17 (SJ-17)      
1 41838U 16065A   20197.87115378 -.00000073  00000-0  00000-0 0  9992
2 41838   0.3068  93.4559 0003397  23.7384 293.8144  1.00272288 13529
GOES 16                 
1 41866U 16071A   20197.82266252 -.00000239  00000-0  00000-0 0  9997
2 41866   0.0419 172.4103 0000670 352.4101 350.2584  1.00271935 13434
TIANLIAN 1-04           
1 41869U 16072A   20197.84771424 -.00000098  00000-0  00000-0 0  9998
2 41869   0.1539 283.5089 0018942 173.6341 219.2203  1.00272918 13623
WGS F8 (USA 272)        
1 41879U 16075A   20198.41199649 -.00000194  00000-0  00000+0 0  9995
2 41879   0.0429  77.4087 0000285  89.1260  66.3238  1.00267723 13246
FENGYUN 4A              
1 41882U 16077A   20198.28926743 -.00000320  00000-0  00000+0 0  9990
2 41882   0.0232  25.8517 0004910 120.5589 356.9153  1.00266936 13306
ECHOSTAR 19             
1 41893U 16079A   20198.10548128 -.00000129  00000-0  00000+0 0  9999
2 41893   0.0253  52.4243 0001143  64.4843 118.3650  1.00270110 13050
JCSAT-15                
1 41903U 16082A   20198.06368838 -.00000342  00000-0  00000+0 0  9995
2 41903   0.0130 336.7430 0001254 149.9616 300.6428  1.00272106 13104
STAR ONE D1             
1 41904U 16082B   20197.82091781 -.00000202  00000-0  00000-0 0  9995
2 41904   0.0085  36.5722 0002737  89.1214  19.9511  1.00272150 13099
TJS-2                   
1 41911U 17001A   20197.86817998 -.00000334  00000-0  00000-0 0  9991
2 41911   0.1751  96.9815 0006673 282.9712 334.2482  1.00269089 13042
SBIRS GEO-4 (USA 273)   
1 41937U 17004A   20197.80591323  .00000143  00000-0  00000-0 0  9994
2 41937   3.7392 311.9892 0002298 165.7858 307.0587  1.00272950 12924
HISPASAT 36W-1          
1 41942U 17006A   20198.09285344 -.00000236  00000-0  00000+0 0  9990
2 41942   0.0091  73.9953 0001016  43.1769 174.6479  1.00271730 12840
TELKOM 3S               
1 41944U 17007A   20198.07651897 -.00000354  00000-0  00000+0 0  9992
2 41944   0.0250  57.2332 0001674  60.5603 322.1218  1.00267322 12534
INTELSAT 32E (IS-32E)   
1 41945U 17007B   20198.11621128 -.00000260  00000-0  00000+0 0  9998
2 41945   0.0185  49.4586 0000356 265.2868 338.3121  1.00269912 12561
ECHOSTAR 23             
1 42070U 17014A   20197.82414553 -.00000261  00000-0  00000-0 0  9997
2 42070   0.0183  46.2965 0001973  69.3448  47.2678  1.00271574 12254
WGS F9 (USA 275)        
1 42075U 17016A   20198.06439317  .00000081  00000-0  00000+0 0  9994
2 42075   0.0102  53.0974 0000448 159.0188 162.2436  1.00273413 12254
SES-10                  
1 42432U 17017A   20197.82432001 -.00000263  00000-0  00000-0 0  9992
2 42432   0.0056  45.4005 0002559  75.4192  43.1468  1.00269827 12065
CHINASAT 16 (SJ-13)     
1 42662U 17018A   20198.23074575 -.00000343  00000-0  00000+0 0  9990
2 42662   0.0460  78.8259 0004884 139.7024 269.5498  1.00268670 12063
KOREASAT 7              
1 42691U 17023A   20198.07617003 -.00000353  00000-0  00000+0 0  9990
2 42691   0.0495  72.4197 0002218  77.5561 287.7637  1.00262702 11761
SGDC                    
1 42692U 17023B   20197.39218722 -.00000241  00000-0  00000-0 0  9997
2 42692   0.0092  29.3917 0003158  90.8393 239.7979  1.00271633 11737
GSAT-9                  
1 42695U 17024A   20198.11785682 -.00000277  00000-0  00000+0 0  9994
2 42695   0.0341  92.6609 0002764  10.5754 330.9675  1.00264929 11759
INMARSAT 5-F4           
1 42698U 17025A   20198.13610109  .00000084  00000-0  00000+0 0  9996
2 42698   0.0243  49.5689 0000834 202.6835 147.6550  1.00272071 11585
SES-15                  
1 42709U 17026A   20198.30947803  .00000068  00000-0  00000+0 0  9995
2 42709   0.0122  55.2742 0001004 114.3295 107.2612  1.00273163 12504
QZS-2  (MICHIBIKI-2)    
1 42738U 17028A   20197.53226589 -.00000163  00000-0  00000-0 0  9992
2 42738  42.9434 274.0359 0756076 269.4297  83.0437  1.00279863 11465
VIASAT-2                
1 42740U 17029A   20197.82370935 -.00000256  00000-0  00000-0 0  9996
2 42740   0.0238 289.9096 0000272 305.7265 285.1183  1.00272676 11500
EUTELSAT 172B           
1 42741U 17029B   20198.18452167  .00000003  00000-0  00000+0 0  9993
2 42741   0.0242  57.7656 0000209 210.2948 264.8425  1.00269476 12022
GSAT-19                 
1 42747U 17031A   20198.13435637  .00000134  00000-0  00000+0 0  9995
2 42747   0.0285  97.5772 0007413   3.5782 289.5126  1.00272386 11451
ECHOSTAR 21             
1 42749U 17032A   20198.12685407  .00000080  00000-0  00000+0 0  9999
2 42749   5.4431 312.5304 0001791 156.7426 241.0653  1.00272748 11444
CHINASAT 9A (ZX 9A)     
1 42763U 17035A   20197.99549337 -.00000304  00000-0  00000-0 0  9994
2 42763   0.0469 256.8070 0002441 215.3524 281.9541  1.00270942 11977
BULGARIASAT-1           
1 42801U 17038A   20198.12519660  .00000020  00000-0  00000+0 0  9995
2 42801   0.0147 313.4501 0002723 158.4247 229.5107  1.00273202 11220
HELLAS-SAT 3            
1 42814U 17040A   20197.98902137  .00000161  00000-0  00000+0 0  9996
2 42814   0.0647  27.1633 0003810  42.6203 259.5884  1.00276415 11187
GSAT-17                 
1 42815U 17040B   20197.84215997 -.00000249  00000-0  00000-0 0  9992
2 42815   0.0211 104.6293 0001587 151.1208  75.0499  1.00269071 11103
INTELSAT 35E (IS-35E)   
1 42818U 17041A   20197.83077546 -.00000229  00000-0  00000-0 0  9999
2 42818   0.0502 227.0293 0001448 254.6069  77.0875  1.00271798 11197
COSMOS 2520             
1 42907U 17046A   20198.11160434  .00000146  00000-0  00000+0 0  9990
2 42907   0.0249  85.7554 0000488  87.9652 205.8516  1.00272814 10711
TDRS 13                 
1 42915U 17047A   20198.25036472 -.00000086  00000-0  00000+0 0  9993
2 42915   5.5311 330.2265 0016814 104.2105 298.8045  1.00272074 10709
QZS-3 (MICHIBIKI-3)     
1 42917U 17048A   20197.83105139 -.00000339  00000-0  00000-0 0  9998
2 42917   0.0665 151.7434 0001474 344.4777 224.1382  1.00271675 10573
AMAZONAS 5              
1 42934U 17053A   20197.82554132 -.00000273  00000-0  00000-0 0  9990
2 42934   0.0280 329.9957 0001605 125.1887  75.1280  1.00271411 10418
ASIASAT 9               
1 42942U 17057A   20197.84288530 -.00000351  00000-0  00000-0 0  9998
2 42942   0.0045  55.5498 0002257  57.6713 246.4438  1.00270705 10254
INTELSAT 37E (IS-37E)   
1 42950U 17059A   20198.12118375 -.00000132  00000-0  00000+0 0  9996
2 42950   0.0136  30.9464 0002536  94.6471 194.4475  1.00270230 10364
BSAT-4A                 
1 42951U 17059B   20197.87089911 -.00000342  00000-0  00000-0 0  9995
2 42951   0.0380  13.9331 0003159  78.6851 264.9107  1.00272175 10125
QZS-4 (MICHIBIKI-4)     
1 42965U 17062A   20197.36058877 -.00000327  00000-0  00000+0 0  9997
2 42965  40.8310  11.2291 0746621 268.5169 279.4799  1.00300498 10129
SES-11 (ECHOSTAR 105)   
1 42967U 17063A   20198.30306561 -.00000080  00000-0  00000+0 0  9997
2 42967   0.0204  56.2092 0002351  81.7727 160.7789  1.00271299 10137
KOREASAT 5A             
1 42984U 17067A   20197.80813360 -.00000350  00000-0  00000-0 0  9995
2 42984   0.0261  99.8202 0002080  48.4825 189.8842  1.00271477  9850
ALCOMSAT 1              
1 43039U 17078A   20198.26716155 -.00000177  00000-0  00000+0 0  9990
2 43039   0.0636 237.9003 0002028 222.7661 265.2356  1.00273262  9605
SBIRS GEO-3 (USA 282)   
1 43162U 18009A   20198.29607184 -.00000277  00000-0  00000+0 0  9997
2 43162   4.9007 317.1376 0002272 160.6425  62.3957  1.00271742  9154
AL YAH 3                
1 43174U 18012A   20198.12083479 -.00000146  00000-0  00000+0 0  9996
2 43174   0.0123 326.9046 0002002 156.1755 194.7061  1.00272152  9154
SES-14                  
1 43175U 18012B   20198.25890932 -.00000269  00000-0  00000+0 0  9997
2 43175   0.0181 317.2030 0000932 165.2619 217.7805  1.00273872  9382
GOES 17                 
1 43226U 18022A   20198.30494972  .00000106  00000-0  00000+0 0  9994
2 43226   0.0572 237.7141 0000226 201.9882 187.4822  1.00272415  8752
HISPASAT 30W-6          
1 43228U 18023A   20198.26716155 -.00000207  00000-0  00000+0 0  9995
2 43228   0.0383  50.2772 0005199  45.8849 264.5795  1.00273628  8825
SUPERBIRD 8             
1 43271U 18033A   20197.86577035 -.00000083  00000-0  00000-0 0  9994
2 43271   0.0352 262.8400 0001435 243.1543 261.8494  1.00272039  8361
HYLAS 4                 
1 43272U 18033B   20198.26716155 -.00000224  00000-0  00000+0 0  9994
2 43272   0.0703 119.2834 0004220  41.0583 196.8959  1.00275920  8402
IRNSS-1I                
1 43286U 18035A   20196.84365751  .00000089  00000-0  00000+0 0  9993
2 43286  29.2078 108.9795 0018673 184.1930 358.7298  1.00269917  8378
USA 283                 
1 43339U 18036A   20197.57728281 -.00000309  00000-0  00000+0 0  9991
2 43339   0.0235 223.5645 0000636   8.0314  44.1937  1.00271081  3621
COSMOS 2526             
1 43432U 18037A   20198.30917507 -.00000336  00000-0  00000+0 0  9999
2 43432   0.0214  83.3171 0000460  80.9046   9.7273  1.00270816  8286
APSTAR 6C               
1 43450U 18041A   20197.62966052 -.00000309  00000-0  00000-0 0  9998
2 43450   0.0202 196.0194 0002438 258.3103 200.2866  1.00272792  8159
BANGABANDHUSAT-1        
1 43463U 18044A   20198.07669344 -.00000354  00000-0  00000+0 0  9998
2 43463   0.0158  38.7704 0001862  88.8880 313.4185  1.00268056  8058
SES-12                  
1 43488U 18049A   20197.84215997 -.00000261  00000-0  00000-0 0  9993
2 43488   0.0189  53.2694 0001107 184.9456  94.0927  1.00271394  7748
FENGYUN 2H              
1 43491U 18050A   20197.56924405 -.00000118  00000-0  00000+0 0  9999
2 43491   0.5920 273.1516 0003529 223.8936  80.9326  1.00268523  7828
BEIDOU IGSO-7           
1 43539U 18057A   20198.10732743 -.00000054  00000-0  00000+0 0  9991
2 43539  55.0461 181.9890 0029959 215.2316  47.8297  1.00258600  7474
TELSTAR 19V             
1 43562U 18059A   20198.11228567 -.00000271  00000-0  00000+0 0  9995
2 43562   0.0196  67.6269 0002426  97.6990 106.5102  1.00269694  7489
TELKOM 4 (MERAH PUTIH)  
1 43587U 18064A   20198.07459978 -.00000335  00000-0  00000+0 0  9996
2 43587   0.0190  56.2150 0001497  93.2758 279.7242  1.00270477  7180
TELSTAR 18V (APSTAR 5C) 
1 43611U 18069A   20198.29589736 -.00000285  00000-0  00000+0 0  9993
2 43611   0.0192  45.3597 0001763  75.0079  58.7347  1.00271909  6938
AZERSPACE 2 (IS-38)     
1 43632U 18074A   20198.13383295  .00000145  00000-0  00000+0 0  9991
2 43632   0.0160  58.9071 0001274  69.2252 259.5696  1.00272483  6822
HORIZONS 3E             
1 43633U 18074B   20198.09285760 -.00000022  00000-0  00000+0 0  9990
2 43633   0.0193 216.3507 0001054  48.1066 232.3533  1.00271511  6660
AEHF-4 (USA 288)        
1 43651U 18079A   20198.09492574  .00000142  00000-0  00000+0 0  9990
2 43651   3.8190 311.2069 0005371 169.8011  57.4904  1.00269553  6619
BEIDOU-3 G1             
1 43683U 18085A   20198.19545951 -.00000267  00000-0  00000+0 0  9990
2 43683   1.7074 254.1816 0004376 346.9769 263.7185  1.00271334  6386
GSAT-29                 
1 43698U 18089A   20198.13575214  .00000094  00000-0  00000+0 0  9996
2 43698   0.0791 102.1526 0002187 357.7116 298.4466  1.00272928  6145
ES'HAIL 2               
1 43700U 18090A   20197.80549338  .00000153  00000-0  00000-0 0  9990
2 43700   0.0163   6.2837 0001488 148.7112  94.9013  1.00274346  5993
GEO-KOMPSAT-2A          
1 43823U 18100A   20198.30917507 -.00000335  00000-0  00000+0 0  9993
2 43823   0.0292 177.8512 0001954 284.3803  71.9144  1.00270829  5980
GSAT-11                 
1 43824U 18100B   20197.84771424 -.00000069  00000-0  00000-0 0  9993
2 43824   0.0789 274.2893 0007745 193.7975 205.2351  1.00272271  5832
GSAT-7A                 
1 43864U 18105A   20198.13732240  .00000035  00000-0  00000+0 0  9999
2 43864   0.0685 105.6790 0002030   9.3267 291.6493  1.00271421  5799
COSMOS 2533             
1 43867U 18107A   20197.83452215 -.00000030  00000-0  00000-0 0  9998
2 43867   0.0241  97.2385 0000656 134.2247  73.1038  1.00272145  5730
TJS-3                   
1 43874U 18110A   20197.84373316  .00000011  00000-0  00000-0 0  9993
2 43874   0.0751 252.6004 0006695 285.2758 232.9741  1.00270487  5735
TJS-3 AKM               
1 43917U 18110C   20197.80188184  .00000065  00000-0  00000-0 0  9993
2 43917   0.0600 222.7061 0002608 258.2766 160.7829  1.00273357  5673
CHINASAT 2D (ZX 2D)     
1 43920U 19001A   20198.05257720 -.00000329  00000-0  00000+0 0  9991
2 43920   0.0517 233.4917 0000434 273.1515 296.4793  1.00268517  5675
HELLAS-SAT 4 & SGS-1    
1 44034U 19007A   20198.13261164  .00000161  00000-0  00000+0 0  9993
2 44034   0.0698 123.9722 0005889  22.2838 234.8975  1.00271947  5690
GSAT-31                 
1 44035U 19007B   20198.13435637  .00000134  00000-0  00000+0 0  9992
2 44035   0.0570 279.0361 0000185 234.1202 237.5097  1.00273746  5284
NUSANTARA SATU          
1 44048U 19009A   20198.22567244 -.00000226  00000-0  00000+0 0  9991
2 44048   0.0099  63.7710 0001773  58.6777  39.3044  1.00270831  5091
CHINASAT 6C (ZX 6C)     
1 44067U 19012A   20197.86033438 -.00000328  00000-0  99999+0 0  9996
2 44067   0.0705 255.9426 0001464 329.6113 148.3323  1.00277375  5054
WGS 10 (USA 291)        
1 44071U 19014A   20198.27312878  .00000148  00000-0  00000+0 0  9991
2 44071   0.1003  99.1291 0000102  74.7993 242.9769  1.00272094  4935
TIANLIAN 2-01           
1 44076U 19017A   20198.14072459 -.00000125  00000-0  00000+0 0  9999
2 44076   1.9397 286.0519 0034234 211.9789 287.1226  1.00271435  4933
ARABSAT-6A              
1 44186U 19021A   20197.77271404  .00000162  00000-0  00000-0 0  9996
2 44186   0.0554 332.7148 0003039 234.0982  35.8882  1.00272240  4512
BEIDOU-3 IGSO-1         
1 44204U 19023A   20197.97215008 -.00000216  00000-0  10000-3 0  9994
2 44204  55.5348  60.5992 0016560 180.8333 155.9684  1.00285765  4670
BEIDOU-2 G8             
1 44231U 19027A   20198.15363551 -.00000236  00000-0  00000+0 0  9993
2 44231   0.9210 298.0133 0006712 270.5295 285.7544  1.00274535  4400
YAMAL 601               
1 44307U 19031A   20197.92896595  .00000128  00000-0  00000-0 0  9995
2 44307   0.0105  98.0958 0001767  20.2698 199.2870  1.00273324  4241
AT&T T-16               
1 44333U 19034A   20198.10469616 -.00000106  00000-0  00000+0 0  9994
2 44333   0.0163   6.9447 0000349 299.7262 284.5468  1.00270476  3953
EUTELSAT 7C             
1 44334U 19034B   20198.12624343  .00000057  00000-0  00000+0 0  9991
2 44334   0.0227  64.5303 0002886  38.2458 244.0958  1.00269013  4442
BEIDOU-3 IGSO-2         
1 44337U 19035A   20198.10719846 -.00000053  00000-0  00000+0 0  9993
2 44337  55.0702 178.0439 0014582 190.8579  71.7591  1.00281497  4010
COSMOS 2539             
1 44457U 19048A   20198.12720302  .00000090  00000-0  00000+0 0  9991
2 44457   0.0329 110.9517 0000434 100.5144 140.7342  1.00270339  3548
EDRS-C                  
1 44475U 19049A   20197.09833176  .00000162  00000-0  00000-0 0  9992
2 44475   0.0698 275.5005 0000497 219.9334 224.5671  1.00275602  3513
INTELSAT 39 (IS-39)     
1 44476U 19049B   20198.13714792  .00000042  00000-0  00000+0 0  9997
2 44476   0.0163   0.3815 0001336 317.7312  87.6287  1.00271703  3508
AMOS-17                 
1 44479U 19050A   20198.12816262  .00000118  00000-0  00000+0 0  9990
2 44479   0.0321 284.7852 0001772 188.5371 244.2387  1.00270436  3514
AEHF-5 (USA 292)        
1 44481U 19051A   20197.99041715  .00000010  00000-0  00000+0 0  9992
2 44481   5.9137 308.1167 0004708 212.7996 176.1520  1.01077207  3582
EUTELSAT 5 WEST B       
1 44624U 19067A   20198.12380082 -.00000033  00000-0  00000+0 0  9993
2 44624   0.0419   6.0423 0006162 108.2332 219.6978  1.00272208  2775
TJS-4                   
1 44637U 19070A   20198.14150972 -.00000162  00000-0  00000+0 0  9999
2 44637   0.0605 248.1681 0004257 130.1676  50.5304  1.00278709  2888
BEIDOU-3 IGSO-3         
1 44709U 19073A   20197.92346632 -.00000191  00000-0  10000-3 0  9994
2 44709  58.3537 303.6116 0024684 186.0962 244.4432  1.00274614  2777
TIBA-1                  
1 44800U 19080A   20198.13191376  .00000165  00000-0  00000+0 0  9996
2 44800   0.0519 356.6886 0001783 123.6377 257.1111  1.00268643  2407
INMARSAT GX5            
1 44801U 19080B   20198.26716155 -.00000196  00000-0  00000+0 0  9994
2 44801   0.0186  68.5628 0004157  79.9358 214.2209  1.00272629  2413
JCSAT-18 (KACIFIC 1)    
1 44868U 19091A   20198.10952076 -.00000192  00000-0  00000+0 0  9992
2 44868   0.0359 128.5266 0000769  60.7853 294.4920  1.00270962  2414
ELEKTRO-L 3             
1 44903U 19095A   20198.15813497 -.00000088  00000-0  00000+0 0  9998
2 44903   0.0993 286.7426 0000845 269.6792 230.9453  1.00273296  2048
SHIJIAN-20 (SJ-20)      
1 44910U 19097A   20197.91533527 -.00000345  00000-0  00000-0 0  9991
2 44910   0.2839  94.4174 0008218 125.0150 169.6227  1.00272368  2019
GSAT-30                 
1 45026U 20005A   20197.87273744 -.00000156  00000-0  00000-0 0  9998
2 45026   0.0460 104.3705 0005458 342.9790 244.0110  1.00271202  1834
JCSAT-17                
1 45245U 20013A   20197.76143025 -.00000304  00000-0  00000-0 0  9991
2 45245   6.8682 344.0373 0003309 144.3609 215.7621  1.00273183  1569
GEO-KOMPSAT-2B          
1 45246U 20013B   20198.05257720 -.00000335  00000-0  00000+0 0  9996
2 45246   0.0512 234.3564 0000704   6.5253 200.6360  1.00270621  1579
BEIDOU-3 G2             
1 45344U 20017A   20197.84771424 -.00000129  00000-0  00000-0 0  9999
2 45344   2.9147 328.5041 0003097 139.7778 211.0785  1.00270966  1588
